	sequences per sample	iteration	515rcbc12	515rcbc23	515rcbc30	515rcbc29	515rcbc35	515rcbc9	515rcbc18	515rcbc15	515rcbc26	515rcbc36	515rcbc10	515rcbc25	515rcbc8	515rcbc16	515rcbc31	515rcbc22	515rcbc17	515rcbc24	515rcbc21	515rcbc19	515rcbc14	515rcbc32	515rcbc27	515rcbc11	515rcbc34	515rcbc37	515rcbc33	515rcbc28	515rcbc13	515rcbc20
alpha_rarefaction_10_0.txt	10	0	55.0	55.0	55.0	55.0	23.0	55.0	55.0	55.0	55.0	23.0	55.0	23.0	55.0	55.0	23.0	55.0	55.0	55.0	55.0	55.0	55.0	55.0	55.0	55.0	55.0	55.0	55.0	55.0	55.0	55.0
alpha_rarefaction_10_1.txt	10	1	55.0	55.0	55.0	55.0	55.0	55.0	55.0	55.0	55.0	55.0	55.0	55.0	23.0	23.0	55.0	55.0	55.0	55.0	55.0	55.0	23.0	55.0	55.0	55.0	55.0	55.0	23.0	55.0	55.0	55.0
alpha_rarefaction_10_2.txt	10	2	55.0	55.0	55.0	55.0	55.0	55.0	55.0	55.0	23.0	23.0	55.0	23.0	55.0	23.0	55.0	55.0	55.0	55.0	55.0	55.0	55.0	55.0	55.0	23.0	55.0	55.0	55.0	55.0	55.0	55.0
alpha_rarefaction_10_3.txt	10	3	55.0	23.0	55.0	55.0	55.0	55.0	23.0	55.0	55.0	55.0	55.0	55.0	55.0	55.0	55.0	55.0	55.0	55.0	55.0	55.0	55.0	55.0	55.0	55.0	55.0	23.0	55.0	55.0	23.0	55.0
alpha_rarefaction_10_4.txt	10	4	55.0	55.0	55.0	55.0	55.0	55.0	55.0	55.0	55.0	55.0	55.0	55.0	23.0	55.0	55.0	23.0	55.0	55.0	55.0	55.0	55.0	55.0	13.0	55.0	55.0	55.0	23.0	55.0	55.0	55.0
alpha_rarefaction_10_5.txt	10	5	55.0	55.0	55.0	55.0	55.0	55.0	55.0	55.0	23.0	23.0	55.0	55.0	23.0	55.0	55.0	55.0	55.0	55.0	23.0	55.0	55.0	29.0	55.0	55.0	55.0	23.0	55.0	55.0	55.0	55.0
alpha_rarefaction_10_6.txt	10	6	55.0	55.0	23.0	55.0	55.0	23.0	55.0	55.0	55.0	55.0	23.0	23.0	55.0	55.0	55.0	55.0	55.0	55.0	55.0	55.0	29.0	55.0	23.0	23.0	13.0	55.0	55.0	55.0	55.0	55.0
alpha_rarefaction_10_7.txt	10	7	55.0	23.0	55.0	23.0	55.0	55.0	55.0	55.0	23.0	55.0	55.0	23.0	55.0	55.0	23.0	23.0	55.0	55.0	55.0	55.0	55.0	55.0	55.0	55.0	55.0	55.0	13.0	55.0	13.0	55.0
alpha_rarefaction_10_8.txt	10	8	55.0	55.0	55.0	55.0	55.0	55.0	55.0	55.0	23.0	55.0	55.0	23.0	55.0	55.0	23.0	55.0	55.0	55.0	55.0	55.0	55.0	23.0	55.0	23.0	55.0	55.0	13.0	55.0	55.0	55.0
alpha_rarefaction_10_9.txt	10	9	23.0	55.0	55.0	55.0	55.0	55.0	55.0	55.0	55.0	55.0	23.0	23.0	55.0	55.0	55.0	55.0	55.0	55.0	23.0	13.0	55.0	55.0	55.0	55.0	55.0	55.0	55.0	23.0	55.0	55.0
alpha_rarefaction_73_0.txt	73	0	242.333333333	622.75	242.333333333	301.142857143	206.0	419.0	292.0	622.75	222.0	194.6	1108.0	632.333333333	359.0	1041.5	283.0	432.25	234.25	226.75	394.6	445.2	234.0	206.0	622.75	572.0	250.428571429	853.0	445.0	319.666666667	330.0	226.75
alpha_rarefaction_73_1.txt	73	1	279.875	432.0	309.5	242.333333333	222.0	301.142857143	242.333333333	279.875	330.0	189.142857143	830.0	274.142857143	184.333333333	614.0	461.0	445.2	853.0	594.0	256.5	328.428571429	361.0	654.0	350.166666667	406.2	301.142857143	445.2	574.333333333	186.375	485.0	361.0
alpha_rarefaction_73_2.txt	73	2	256.5	319.666666667	275.142857143	301.142857143	250.428571429	328.428571429	279.875	256.5	263.166666667	156.0	234.25	288.666666667	476.25	1772.0	227.5	330.0	196.111111111	301.142857143	507.5	1209.0	330.0	178.111111111	212.5	402.5	250.428571429	361.0	476.25	382.2	476.25	188.272727273
alpha_rarefaction_73_3.txt	73	3	242.333333333	328.428571429	485.0	393.5	226.0	319.666666667	445.2	359.0	314.0	244.0	256.5	382.2	256.5	292.0	406.2	491.75	275.142857143	186.375	188.5	1174.5	403.5	335.6	330.0	572.0	1546.0	393.5	224.0	432.0	361.0	572.0
alpha_rarefaction_73_4.txt	73	4	485.0	572.0	222.0	249.428571429	275.142857143	185.375	572.0	300.5	359.0	300.5	622.75	289.666666667	314.0	393.6	339.5	407.2	784.0	447.0	393.5	361.0	419.0	490.75	279.875	394.6	330.0	393.5	280.0	519.333333333	361.0	330.0
alpha_rarefaction_73_5.txt	73	5	275.142857143	361.0	188.272727273	199.0	330.0	242.333333333	485.0	279.875	445.2	224.2	275.142857143	522.5	506.5	784.0	347.2	655.0	432.25	256.5	361.0	350.166666667	507.5	358.0	445.2	226.75	359.0	485.0	460.0	300.5	222.0	301.142857143
alpha_rarefaction_73_6.txt	73	6	301.142857143	328.428571429	407.2	215.111111111	359.0	519.333333333	361.0	555.25	447.0	191.125	432.0	499.0	462.0	319.666666667	242.142857143	447.0	301.142857143	271.5	523.5	2416.0	506.5	177.111111111	266.428571429	802.5	242.333333333	212.5	335.6	166.909090909	445.2	445.2
alpha_rarefaction_73_7.txt	73	7	309.5	242.333333333	290.666666667	256.5	319.666666667	432.0	393.5	394.6	433.25	177.111111111	212.5	358.0	432.25	261.0	265.428571429	445.2	718.0	347.2	301.142857143	350.166666667	654.0	358.0	555.25	419.0	301.142857143	319.666666667	154.0	275.142857143	418.75	328.428571429
alpha_rarefaction_73_8.txt	73	8	248.625	240.875	212.5	622.75	461.0	522.5	257.857142857	283.0	256.5	254.0	382.2	233.25	265.428571429	369.0	696.333333333	309.5	275.142857143	178.111111111	394.6	718.0	350.0	234.0	328.428571429	381.2	301.142857143	432.0	280.0	275.142857143	301.142857143	523.5
alpha_rarefaction_73_9.txt	73	9	485.0	614.0	256.5	301.142857143	193.125	188.272727273	279.875	301.142857143	188.5	144.111111111	301.142857143	248.428571429	572.0	417.75	177.75	183.333333333	301.142857143	445.2	572.0	445.2	555.0	280.0	622.75	407.2	491.75	212.5	522.5	172.0	476.25	275.142857143
alpha_rarefaction_136_0.txt	136	0	327.058823529	530.0	471.153846154	855.75	321.875	517.25	454.5	461.5	399.461538462	303.272727273	582.5	615.666666667	771.625	432.333333333	435.272727273	774.142857143	449.25	462.769230769	410.666666667	641.3	547.0	308.055555556	812.666666667	415.75	736.333333333	526.071428571	722.666666667	322.875	461.4	379.375
alpha_rarefaction_136_1.txt	136	1	652.6	465.5	349.230769231	652.6	416.75	784.5	351.230769231	598.1	487.8	561.0	408.0	455.833333333	513.230769231	338.352941176	408.0	491.0	440.076923077	418.909090909	447.230769231	327.526315789	667.125	663.0	305.894736842	344.588235294	446.230769231	488.153846154	455.833333333	223.333333333	554.5	488.8
alpha_rarefaction_136_2.txt	136	2	476.714285714	410.666666667	439.076923077	501.0	364.0	719.375	515.5	619.0	515.909090909	352.090909091	359.3125	481.083333333	324.4	926.142857143	477.615384615	587.3	423.0	431.333333333	812.625	988.875	439.75	314.6875	564.333333333	755.875	556.5	564.333333333	433.272727273	430.928571429	841.25	614.363636364
alpha_rarefaction_136_3.txt	136	3	477.714285714	365.9375	627.333333333	913.0	539.111111111	287.882352941	475.25	438.714285714	300.368421053	499.0	492.0	586.3	446.230769231	491.0	375.0	581.333333333	800.333333333	423.0	455.461538462	504.461538462	416.571428571	616.875	914.0	587.3	373.214285714	476.714285714	336.4	355.461538462	355.4	379.375
alpha_rarefaction_136_4.txt	136	4	387.714285714	474.25	321.071428571	503.461538462	489.545454545	328.125	556.5	410.666666667	536.8	289.615384615	959.857142857	301.5	607.0	1409.2	546.25	853.75	762.0	680.0	410.0	554.75	604.625	414.75	462.769230769	517.5	328.058823529	800.333333333	432.272727273	424.0	602.5	340.352941176
alpha_rarefaction_136_5.txt	136	5	410.666666667	469.571428571	820.142857143	525.545454545	416.571428571	864.428571429	527.5	354.0	834.428571429	302.769230769	546.25	463.5	492.0	478.272727273	488.545454545	299.5	574.090909091	386.583333333	525.545454545	417.0	357.0	355.461538462	439.4	879.142857143	380.428571429	620.0	494.6	363.2	311.055555556	405.0
alpha_rarefaction_136_6.txt	136	6	774.0	492.0	408.230769231	513.230769231	339.352941176	383.583333333	439.9375	329.125	382.0	245.928571429	396.2	369.625	853.166666667	499.0	587.3	373.214285714	515.909090909	462.769230769	522.076923077	522.076923077	639.111111111	230.142857143	495.769230769	414.571428571	337.4	438.714285714	495.909090909	567.0	664.0	525.545454545
alpha_rarefaction_136_7.txt	136	7	525.545454545	584.272727273	455.461538462	706.125	468.5	379.615384615	488.153846154	433.333333333	462.0	494.6	452.0	311.5	563.0	375.0	327.125	723.666666667	416.076923077	731.75	349.666666667	493.214285714	772.142857143	425.545454545	477.714285714	574.090909091	630.1	604.909090909	661.428571429	385.1875	526.545454545	483.083333333
alpha_rarefaction_136_8.txt	136	8	406.0	409.666666667	546.1	431.866666667	395.071428571	449.25	322.875	424.214285714	326.555555556	338.214285714	545.090909091	498.0	381.428571429	618.0	398.461538462	508.363636364	554.75	820.142857143	498.909090909	661.75	508.083333333	382.0	564.333333333	666.125	360.3125	631.1	460.769230769	663.0	870.375	426.375
alpha_rarefaction_136_9.txt	136	9	697.8	848.857142857	572.111111111	518.25	345.588235294	447.230769231	477.714285714	424.4	369.066666667	594.5	339.214285714	745.857142857	399.5	686.333333333	497.909090909	535.8	484.083333333	563.0	545.25	611.5	488.545454545	339.8125	477.714285714	394.071428571	663.0	513.230769231	627.25	438.076923077	418.0	446.571428571
alpha_rarefaction_199_0.txt	199	0	651.476190476	911.714285714	584.176470588	668.666666667	451.130434783	527.588235294	1018.6	472.75	553.368421053	437.375	773.0	379.37037037	440.0	1336.625	573.058823529	558.894736842	544.666666667	366.5	614.142857143	498.391304348	723.176470588	323.0	591.3	435.3	453.5	488.5	525.5	588.5	628.8	434.636363636
alpha_rarefaction_199_1.txt	199	1	700.0	423.964285714	605.555555556	688.166666667	596.4	675.0	484.565217391	675.105263158	424.368421053	489.4375	376.291666667	453.454545455	456.526315789	1079.66666667	510.954545455	651.0625	672.0	498.117647059	426.916666667	828.5625	885.5	459.4	607.619047619	514.526315789	606.882352941	838.6875	572.105263158	573.666666667	581.0	521.05
alpha_rarefaction_199_2.txt	199	2	695.833333333	532.272727273	430.75	683.473684211	524.789473684	498.117647059	558.285714286	714.0	484.235294118	388.647058824	761.214285714	680.176470588	514.0	540.047619048	611.666666667	566.473684211	598.315789474	513.954545455	591.5	990.461538462	413.5	523.789473684	631.055555556	626.8	562.476190476	593.681818182	943.0	577.0	519.681818182	392.384615385
alpha_rarefaction_199_3.txt	199	3	734.352941176	606.555555556	662.0	632.117647059	638.071428571	583.8125	540.5	445.105263158	649.2	377.157894737	456.454545455	558.055555556	619.0	529.5	466.05	492.956521739	581.272727273	547.75	433.714285714	852.4	637.647058824	446.130434783	596.9	539.071428571	471.913043478	549.64	760.461538462	421.125	493.045454545	464.619047619
alpha_rarefaction_199_4.txt	199	4	526.454545455	666.55	562.4	522.047619048	327.681818182	537.136363636	513.791666667	601.954545455	533.105263158	366.714285714	538.473684211	622.625	549.434782609	543.75	368.875	539.473684211	526.15	705.461538462	553.333333333	416.8	990.545454545	581.75	877.071428571	567.473684211	674.352941176	651.5	662.571428571	583.555555556	639.333333333	583.789473684
alpha_rarefaction_199_5.txt	199	5	576.105263158	694.866666667	649.235294118	713.9	335.115384615	555.05	519.44	940.0	365.8	349.352941176	559.894736842	845.75	501.476190476	508.315789474	693.230769231	581.555555556	1017.36363636	502.157894737	564.476190476	799.4	645.666666667	345.111111111	643.55	565.473684211	385.8	636.65	819.428571429	620.833333333	554.05	343.2
alpha_rarefaction_199_6.txt	199	6	551.142857143	519.05	780.066666667	441.541666667	408.545454545	820.0	675.105263158	504.476190476	393.217391304	457.571428571	505.84	565.833333333	559.4	760.4375	538.473684211	619.428571429	606.882352941	496.714285714	523.047619048	560.055555556	565.125	461.315789474	573.136363636	472.75	502.0	499.636363636	562.833333333	630.055555556	679.0625	322.090909091
alpha_rarefaction_199_7.txt	199	7	508.375	432.636363636	574.666666667	790.2	354.24	624.625	614.25	600.588235294	493.15	375.052631579	723.3125	969.833333333	670.0	588.3	633.375	686.1875	589.5	665.588235294	514.12	514.12	634.0	550.333333333	533.272727273	481.0	654.0625	713.9375	451.8	467.652173913	597.315789474	427.615384615
alpha_rarefaction_199_8.txt	199	8	847.875	1045.54545455	485.5	532.272727273	360.956521739	413.260869565	708.894736842	482.0	611.214285714	366.714285714	467.05	648.0625	637.333333333	513.956521739	709.5	508.285714286	771.647058824	809.0	396.103448276	908.461538462	642.157894737	503.157894737	778.875	938.0	506.0	772.647058824	728.571428571	691.714285714	793.5	414.375
alpha_rarefaction_199_9.txt	199	9	671.0	621.0	743.714285714	821.076923077	478.5	510.315789474	517.956521739	569.473684211	385.181818182	388.647058824	732.75	595.4	459.434782609	625.0	588.5	478.217391304	766.461538462	661.0	416.5	576.25	423.043478261	664.571428571	659.5	435.0	830.230769231	897.75	692.714285714	604.157894737	470.75	364.7
alpha_rarefaction_262_0.txt	262	0	612.433333333	459.625	564.64	642.777777778	600.454545455	852.105263158	700.035714286	550.555555556	454.677419355	528.681818182	541.833333333	489.37037037	541.5	761.954545455	681.391304348	540.21875	530.956521739	895.142857143	615.75	641.1	766.714285714	929.526315789	523.676470588	823.315789474	505.387096774	1239.0	846.055555556	601.857142857	569.096774194	421.56097561
alpha_rarefaction_262_1.txt	262	1	529.527777778	743.2	488.935483871	720.375	658.666666667	577.625	1073.2	690.181818182	660.956521739	430.125	571.2	658.545454545	534.0	620.272727273	669.869565217	540.217391304	851.055555556	657.0	707.8	692.12	822.315789474	457.46875	905.2	645.416666667	511.583333333	512.27027027	805.913043478	708.913043478	515.0	828.714285714
alpha_rarefaction_262_2.txt	262	2	667.033333333	580.037037037	757.772727273	549.7	468.088235294	691.12	721.555555556	511.941176471	464.285714286	632.0	486.090909091	619.12	514.25	504.333333333	693.037037037	576.5	581.0	547.0	714.2	1082.16666667	850.105263158	478.777777778	749.8	639.8	593.25	735.666666667	1171.21428571	618.24	640.964285714	466.029411765
alpha_rarefaction_262_3.txt	262	3	496.166666667	618.275862069	978.0625	660.0	644.055555556	733.5	816.0	462.028571429	538.8	762.928571429	646.0	583.538461538	643.0	754.0	533.307692308	597.730769231	732.260869565	636.913043478	539.307692308	952.454545455	652.625	583.444444444	939.3	741.130434783	650.0	605.888888889	770.142857143	549.64	554.0	475.125
alpha_rarefaction_262_4.txt	262	4	796.434782609	719.375	479.129032258	563.794117647	501.5	622.666666667	783.454545455	713.791666667	523.037037037	459.130434783	559.034482759	603.714285714	684.0	708.791666667	611.0	630.903225806	831.0	605.384615385	567.035714286	650.625	677.391304348	436.176470588	489.0	516.78125	1315.54545455	662.5	972.0	715.652173913	549.0	481.081081081
alpha_rarefaction_262_5.txt	262	5	677.037037037	777.541666667	595.115384615	939.3	504.956521739	799.0	607.551724138	635.0	586.416666667	525.05	850.666666667	486.285714286	909.105263158	708.636363636	740.75	786.4	773.181818182	853.105263158	556.625	642.1	520.375	783.647058824	744.2	778.130434783	511.615384615	863.111111111	1081.25	1004.4	570.090909091	515.0
alpha_rarefaction_262_6.txt	262	6	905.285714286	684.84	585.416666667	652.038461538	589.0	696.75	697.44	705.217391304	538.181818182	605.5	743.130434783	678.391304348	771.625	642.217391304	609.433333333	510.757575758	929.526315789	693.0	558.777777778	765.444444444	671.037037037	562.64	797.5	654.12	770.4	648.115384615	828.588235294	754.916666667	728.0	542.307692308
alpha_rarefaction_262_7.txt	262	7	748.125	692.384615385	479.40625	938.555555556	459.46875	534.5	724.5	758.0	728.434782609	604.5	620.275862069	647.0	627.04	650.565217391	606.384615385	640.777777778	755.772727273	725.5	555.0	615.59375	543.7	695.473684211	664.222222222	1237.21428571	659.0	730.0	689.954545455	510.615384615	734.5	522.517241379
alpha_rarefaction_262_8.txt	262	8	542.0	1178.88235294	609.444444444	701.035714286	620.55	823.714285714	939.3	622.666666667	681.142857143	759.928571429	612.896551724	542.576923077	437.487179487	730.5	520.535714286	597.730769231	664.222222222	833.526315789	520.7	747.043478261	576.0	433.5	581.636363636	947.9	542.5	533.111111111	655.956521739	551.714285714	642.777777778	622.0
alpha_rarefaction_262_9.txt	262	9	685.0	698.44	593.965517241	644.777777778	561.5	551.64	956.052631579	510.538461538	658.0	665.882352941	554.714285714	785.647058824	626.041666667	699.111111111	570.5	756.44	588.724137931	734.5	462.947368421	923.714285714	605.041666667	484.090909091	1036.55	680.0	455.25	742.375	765.4	449.171428571	534.0	643.25
alpha_rarefaction_325_0.txt	325	0	719.441176471	761.322580645	842.565217391	569.923076923	467.0	656.774193548	889.71875	542.073170732	655.451612903	613.681818182	842.833333333	593.636363636	689.527777778	805.785714286	560.885714286	747.0	969.44	797.964285714	659.777777778	892.857142857	609.923076923	631.677419355	648.775	625.108108108	753.357142857	858.137931034	831.0	538.394736842	626.8	392.6
alpha_rarefaction_325_1.txt	325	1	838.0	809.24	861.5	501.0625	697.214285714	614.090909091	660.303030303	713.916666667	636.285714286	418.0	703.5	596.558823529	964.5	749.757575758	518.363636364	829.689655172	708.517241379	1466.3125	696.387096774	776.676470588	827.217391304	972.681818182	686.387096774	797.0	886.551724138	832.833333333	651.15625	798.09375	552.075	458.957446809
alpha_rarefaction_325_2.txt	325	2	923.222222222	962.7	776.038461538	944.034482759	620.322580645	754.033333333	781.033333333	613.651162791	659.375	544.454545455	938.166666667	715.0	808.785714286	675.896551724	750.538461538	752.034482759	604.724137931	775.0	683.551724138	810.0	516.071428571	727.37037037	658.777777778	630.588235294	725.7	654.085714286	658.533333333	787.607142857	804.888888889	615.666666667
alpha_rarefaction_325_3.txt	325	3	747.71875	988.84	720.28125	855.107142857	568.6	557.024390244	712.916666667	699.0	616.941176471	544.75	637.677419355	687.24137931	665.0	866.5	704.5	599.95	852.538461538	806.444444444	664.567567568	857.090909091	755.125	676.033333333	610.675675676	906.045454545	619.5	677.27027027	822.333333333	728.5	747.5	544.756756757
alpha_rarefaction_325_4.txt	325	4	892.730769231	835.09375	773.037037037	766.875	563.714285714	796.636363636	966.333333333	687.171428571	584.848484848	472.333333333	678.848484848	709.2	843.04	603.5	1114.54545455	577.9	806.5	775.344827586	608.675675676	646.238095238	756.363636364	720.25	747.894736842	850.555555556	675.028571429	597.5	650.451612903	874.6	661.303030303	608.107142857
alpha_rarefaction_325_5.txt	325	5	803.333333333	983.954545455	840.857142857	570.525	584.848484848	617.837837838	831.09375	842.037037037	823.913043478	722.625	591.87804878	690.2	672.794117647	924.64	594.823529412	653.777777778	673.5	605.027777778	621.837837838	794.617647059	873.896551724	616.551724138	1036.75	704.5	579.9	793.617647059	592.7	806.5	976.0	440.75
alpha_rarefaction_325_6.txt	325	6	550.222222222	887.533333333	763.916666667	786.3125	627.483870968	629.59375	1196.45454545	753.1	558.5	680.5	645.333333333	523.078947368	798.357142857	749.40625	666.636363636	752.40625	760.033333333	774.344827586	610.027777778	681.052631579	756.125	740.777777778	938.2	689.285714286	723.222222222	660.529411765	589.228571429	862.689655172	691.870967742	553.071428571
alpha_rarefaction_325_7.txt	325	7	859.451612903	568.447368421	946.136363636	857.137931034	898.833333333	714.441176471	653.325	705.935483871	903.136363636	695.047619048	862.689655172	695.965517241	613.24137931	842.125	824.275862069	694.387096774	937.166666667	807.096774194	629.75	660.567567568	734.034482759	554.527777778	717.75	737.0625	945.875	749.5	629.689655172	575.7	803.333333333	499.609756098
alpha_rarefaction_325_8.txt	325	8	662.0	1128.57692308	578.9	526.279069767	461.029411765	1000.63636364	635.5	804.260869565	721.222222222	686.789473684	634.0	511.8	956.272727273	768.0	884.454545455	872.0	763.875	990.115384615	669.583333333	871.5	738.0	680.033333333	762.125	734.161290323	759.033333333	641.277777778	896.44	775.344827586	711.117647059	570.108108108
alpha_rarefaction_325_9.txt	325	9	697.625	675.27027027	668.0	822.322580645	604.115384615	865.5	668.405405405	722.206896552	673.875	522.615384615	1003.43478261	609.285714286	941.230769231	665.625	824.2	644.333333333	672.516129032	539.394736842	637.5	885.176470588	653.529411765	706.517241379	1001.51724138	797.333333333	649.230769231	702.0	790.230769231	744.64	672.636363636	527.279069767
alpha_rarefaction_388_0.txt	388	0	864.108108108	747.357142857	700.081081081	890.028571429	759.214285714	826.181818182	948.166666667	958.181818182	835.285714286	502.617647059	671.595744681	683.527777778	787.108108108	609.022222222	949.535714286	725.5	722.027027027	869.65625	591.608695652	736.468085106	641.022727273	665.947368421	855.125	707.4	699.5	945.323529412	821.571428571	847.677419355	772.236842105	648.384615385
alpha_rarefaction_388_1.txt	388	1	759.568181818	779.575	784.371428571	767.5	698.5	728.083333333	882.216216216	620.0	939.5	696.115384615	693.052631579	636.871794872	938.323529412	908.714285714	755.5	745.657894737	795.090909091	755.756756757	758.525	1066.5	912.870967742	815.03125	742.222222222	1009.0	725.526315789	984.025641026	693.171428571	693.894736842	744.65	503.396226415
alpha_rarefaction_388_2.txt	388	2	761.046511628	775.236842105	656.083333333	865.0	567.166666667	598.4	776.642857143	596.352941176	665.085714286	674.12	783.65	638.926829268	935.363636364	692.5	815.5	843.028571429	823.621621622	859.088235294	768.052631579	1105.02777778	670.727272727	558.5625	633.02173913	726.025	649.127659574	893.972972973	980.90625	709.538461538	696.45	559.238095238
alpha_rarefaction_388_3.txt	388	3	888.028571429	821.0	829.617647059	827.133333333	659.642857143	940.5	924.171428571	779.447368421	922.913043478	645.137931034	613.666666667	430.549019608	725.666666667	793.428571429	742.578947368	770.525	774.575	1216.5	686.5	716.717391304	605.578947368	603.333333333	659.0	702.738095238	731.076923077	1036.84848485	776.676470588	882.029411765	759.181818182	657.11627907
alpha_rarefaction_388_4.txt	388	4	892.028571429	877.0	835.322580645	768.826086957	786.0	941.433333333	802.153846154	965.294117647	507.318181818	689.4	657.212765957	641.5	730.441860465	789.073170732	726.5	1018.72413793	1063.27586207	859.088235294	502.82	910.028571429	705.538461538	684.527777778	834.857142857	754.025641026	759.076923077	723.130434783	811.03125	715.0	840.076923077	498.826086957
alpha_rarefaction_388_5.txt	388	5	752.886363636	775.0	722.027027027	663.0	587.333333333	943.25	746.0	773.738095238	715.6	584.05	604.0	746.657894737	760.027777778	844.833333333	823.193548387	687.023809524	925.535714286	927.517241379	666.446808511	816.571428571	813.228571429	749.228571429	859.5	1009.66666667	660.772727273	738.82	697.323529412	857.25	679.02	424.625
alpha_rarefaction_388_6.txt	388	6	643.926829268	748.578947368	633.046511628	932.28125	816.24137931	656.782608696	990.6	771.024390244	577.108108108	663.115384615	765.972972973	679.5	860.161290323	642.063829787	759.757575758	914.085714286	855.527777778	781.416666667	678.558139535	927.285714286	962.714285714	683.5	766.857142857	750.567567568	713.384615385	829.5	732.84375	924.666666667	778.384615385	491.692307692
alpha_rarefaction_388_7.txt	388	7	735.75	760.0	785.0	792.947368421	727.916666667	703.875	900.636363636	745.578947368	701.666666667	695.6	1051.2	543.042553191	749.0	722.081081081	742.5	896.636363636	758.6	714.609756098	637.0	819.512195122	1091.37037037	816.551724138	600.4	940.433333333	713.0	832.333333333	643.317073171	845.09375	687.5	587.782608696
alpha_rarefaction_388_8.txt	388	8	1035.84848485	833.097560976	615.136363636	809.243902439	562.348837209	705.418604651	955.636363636	695.153846154	624.666666667	483.451612903	749.575	733.526315789	1251.24	705.625	1056.33333333	903.387096774	884.125	706.222222222	724.2	664.208333333	599.9375	716.526315789	709.738095238	814.228571429	763.972972973	981.885714286	645.529411765	687.317073171	824.023255814	564.142857143
alpha_rarefaction_388_9.txt	388	9	846.487179487	637.56	994.206896552	842.243243243	534.025641026	753.6	832.692307692	866.0	825.181818182	509.5	702.8	732.083333333	851.6	792.459459459	700.219512195	972.038461538	913.027777778	942.37037037	543.068181818	1249.28571429	673.0	798.236842105	841.285714286	892.636363636	875.785714286	787.523809524	666.0	841.03030303	742.512195122	509.142857143
alpha_rarefaction_451_0.txt	451	0	987.166666667	907.756756757	952.0	1000.25	762.166666667	904.756756757	840.448979592	729.0	608.326086957	689.848484848	660.222222222	664.0	653.12244898	953.157894737	1061.09677419	768.568181818	766.72	691.057692308	784.738095238	782.8	943.926829268	1013.0	649.701754386	933.275	1033.46428571	1045.66666667	756.87755102	1070.39473684	909.622222222	648.125
alpha_rarefaction_451_1.txt	451	1	1022.025	894.333333333	896.076923077	741.283018868	851.03125	762.357142857	853.522727273	764.534883721	756.227272727	563.535714286	971.0	562.411764706	732.591836735	771.714285714	1004.32258065	815.153846154	868.488372093	963.0	979.0	801.982142857	710.763157895	965.028571429	713.3	1030.25641026	930.170731707	1144.5	829.682926829	876.871794872	770.270833333	604.117647059
alpha_rarefaction_451_2.txt	451	2	831.466666667	837.454545455	715.234042553	922.0	632.227272727	946.263157895	932.886363636	841.875	671.772727273	665.181818182	972.384615385	699.022222222	936.285714286	986.0	917.184210526	644.566037736	1146.08333333	813.025	704.666666667	1056.14285714	868.651162791	873.428571429	919.0	1163.5625	765.525	1043.79411765	1009.02941176	1049.45945946	863.483870968	605.117647059
alpha_rarefaction_451_3.txt	451	3	882.071428571	791.942307692	801.947368421	1482.04166667	865.384615385	964.2	1193.27027027	883.783783784	640.0	806.1875	730.272727273	611.217391304	845.15	746.5	726.0	1088.41666667	1112.16129032	820.675675676	731.9	1170.66666667	790.3125	880.357142857	775.178571429	725.717391304	826.692307692	864.357142857	963.256410256	863.571428571	677.403846154	628.352941176
alpha_rarefaction_451_4.txt	451	4	1078.18181818	1063.34883721	834.682926829	922.108695652	630.651162791	847.15	741.538461538	793.108695652	699.277777778	853.916666667	920.184210526	748.222222222	896.534883721	891.487179487	1043.42857143	759.8	779.333333333	886.394736842	820.75	1193.12195122	896.972972973	865.428571429	729.72	724.115384615	731.591836735	919.5	879.171428571	652.222222222	749.111111111	570.632653061
alpha_rarefaction_451_5.txt	451	5	932.0	1043.5	842.15	1126.52941176	593.307692308	937.081081081	942.275	753.11627907	804.073170732	794.444444444	753.865384615	587.227272727	762.72	800.024390244	774.75	922.272727273	854.23255814	1005.5	643.294117647	855.717391304	954.157894737	753.222222222	873.52173913	903.277777778	932.5	1013.0	734.666666667	723.346938776	597.081967213	544.25
alpha_rarefaction_451_6.txt	451	6	705.509090909	929.319148936	770.270833333	1053.15	778.216216216	749.5625	804.0	733.056603774	691.583333333	542.571428571	774.714285714	657.8	893.565217391	802.139534884	668.403846154	1084.53125	747.448979592	1045.83333333	637.6	920.520833333	662.294117647	649.130434783	963.642857143	1160.67647059	1156.57692308	1021.02564103	918.947368421	1110.16129032	1074.27777778	520.603448276
alpha_rarefaction_451_7.txt	451	7	1050.77777778	1014.81395349	908.738095238	980.0	845.03125	710.734693878	730.192307692	640.357142857	733.622222222	590.777777778	709.3	707.56097561	785.022222222	790.0	870.428571429	647.42	1016.83333333	757.357142857	802.47826087	772.381818182	719.357142857	825.4	954.88372093	880.325	708.318181818	977.75	1145.6	1366.61538462	798.466666667	654.0
alpha_rarefaction_451_8.txt	451	8	984.341463415	786.981132075	708.926829268	926.162790698	524.0	967.272727273	1011.11627907	750.441860465	1085.35714286	656.8125	610.4	853.5	958.386363636	847.166666667	920.027777778	964.238095238	816.936170213	856.357142857	822.727272727	1002.25531915	1042.42857143	661.25	810.038461538	855.0	709.372093023	998.87804878	859.384615385	878.157894737	1008.15	518.054545455
alpha_rarefaction_451_9.txt	451	9	940.227272727	1031.73684211	857.125	1079.39473684	865.0	788.733333333	695.220338983	909.738095238	911.935483871	704.24137931	959.219512195	891.25	1107.67647059	849.076923077	815.023255814	878.977272727	995.181818182	895.731707317	604.721311475	1037.9	702.372093023	807.941176471	764.466666667	1146.93548387	821.0	972.125	716.666666667	761.166666667	710.3	589.489795918
alpha_rarefaction_514_0.txt	514	0	841.875	1056.94736842	754.078431373	1071.07142857	861.076923077	943.625	984.7	859.132075472	665.75	683.303030303	707.596491228	731.018867925	1077.375	826.37254902	972.404255319	969.306122449	822.226415094	840.0	723.157894737	1106.43478261	1134.0	763.057692308	946.017241379	726.055555556	1027.375	1019.88636364	966.818181818	922.705882353	693.681818182	607.568965517
alpha_rarefaction_514_1.txt	514	1	849.411764706	1036.44897959	1022.36585366	865.068965517	632.0	841.773584906	954.020408163	698.0	757.775510204	640.193548387	991.645833333	648.357142857	1159.26315789	1001.87804878	953.418604651	1066.02222222	1026.025	838.568181818	714.019230769	1032.5	950.418604651	767.375	908.909090909	876.565217391	830.333333333	894.803571429	952.977272727	768.269230769	685.048387097	648.103448276
alpha_rarefaction_514_2.txt	514	2	902.263157895	932.06122449	766.958333333	1206.25	928.571428571	867.365384615	1154.48837209	906.625	763.865384615	727.6	791.580645161	783.022222222	1152.06818182	1252.71875	830.474576271	865.568181818	1069.73684211	900.708333333	704.518518519	1137.13333333	986.162162162	766.375	831.254237288	864.365384615	742.255319149	1188.23684211	1033.5	926.127659574	955.185185185	571.047619048
alpha_rarefaction_514_3.txt	514	3	868.75	842.773584906	818.0	898.734693878	922.567567568	894.133333333	969.52	825.482758621	685.02	641.571428571	885.12244898	752.448979592	1187.94736842	907.5625	891.926829268	850.660377358	813.288461538	818.518518519	760.1	959.672413793	1087.32352941	709.509090909	1054.38297872	1066.02222222	976.384615385	810.016949153	1165.75	1008.02564103	779.058823529	648.267857143
alpha_rarefaction_514_4.txt	514	4	879.0	897.6	755.018181818	984.7	1023.97297297	1003.19607843	762.935483871	862.826086957	846.857142857	569.552631579	851.775510204	837.6875	847.277777778	1005.88636364	1012.0	929.12195122	912.357142857	773.849056604	873.4375	1076.04255319	1037.52777778	989.9375	1120.06818182	798.615384615	1016.52173913	1032.70588235	896.318181818	881.918367347	869.645833333	573.016393443
alpha_rarefaction_514_5.txt	514	5	1186.75675676	777.904761905	792.163265306	1053.3125	690.634146341	916.25	790.25	922.92	887.5	700.21875	829.833333333	626.111111111	846.25	774.06	1035.38636364	747.053571429	921.738095238	744.857142857	606.333333333	975.084745763	931.568181818	628.942307692	1060.87755102	898.0	915.520833333	978.418181818	848.826086957	802.12244898	844.142857143	707.0
alpha_rarefaction_514_6.txt	514	6	824.362068966	795.105263158	794.352941176	947.781818182	658.0	779.0	923.12244898	834.865384615	898.136363636	583.340909091	778.053571429	1005.22857143	950.52	938.625	770.534883721	911.204081633	1020.47727273	960.88372093	746.591836735	954.037735849	935.319148936	829.636363636	846.428571429	947.0	955.590909091	995.8	1124.0	941.886363636	827.038461538	669.263157895
alpha_rarefaction_514_7.txt	514	7	817.418181818	901.784313725	698.019607843	830.095238095	907.088235294	850.87804878	1035.44897959	716.368421053	777.046511628	686.9	966.5	779.42	754.3	861.595744681	763.0	871.591836735	809.653846154	911.717391304	760.175438596	1458.02857143	788.714285714	817.553191489	1002.19607843	841.333333333	802.733333333	964.12244898	783.716981132	767.109090909	908.226415094	588.5
alpha_rarefaction_514_8.txt	514	8	842.015873016	853.105263158	989.222222222	941.0	821.153846154	832.333333333	842.142857143	674.264705882	678.319148936	800.096774194	980.108695652	764.227272727	882.12244898	1038.5	1034.14634146	991.826086957	901.428571429	1215.12903226	705.948275862	991.8	896.222222222	786.333333333	659.541666667	979.857142857	785.217391304	1015.62222222	1039.78378378	918.127659574	819.789473684	553.741935484
alpha_rarefaction_514_9.txt	514	9	1119.97826087	923.622222222	829.333333333	843.769230769	752.162162162	993.153846154	1045.29411765	1225.42857143	768.849056604	754.451612903	743.192307692	739.056603774	920.063829787	916.063829787	899.318181818	859.142857143	932.020408163	916.622222222	815.566037736	950.185185185	885.8125	839.625	961.5	898.571428571	953.153846154	960.5	899.0	935.886363636	743.49122807	672.705882353
alpha_rarefaction_577_0.txt	577	0	873.130434783	857.985074627	887.0	999.385964912	827.226415094	983.404255319	923.288135593	781.428571429	760.053571429	664.166666667	922.5625	889.727272727	810.263888889	938.157894737	1015.12244898	749.267857143	1047.8	1001.73469388	1193.75	1032.30508475	853.109090909	654.304347826	903.275862069	1220.62222222	941.981132075	967.671875	1024.54901961	1104.56	882.6	660.35
alpha_rarefaction_577_1.txt	577	1	958.0	1248.06122449	985.166666667	1615.52777778	824.977272727	784.103448276	962.671875	828.653846154	884.25	502.018181818	1016.77272727	630.898305085	845.625	1259.57142857	1043.8	818.444444444	888.580645161	950.625	883.6	962.529411765	949.5625	858.75	1012.13793103	1068.67924528	829.101694915	985.333333333	920.631578947	1109.55319149	926.306122449	571.567164179
alpha_rarefaction_577_2.txt	577	2	856.610169492	1036.78947368	957.037735849	1089.03773585	868.0	984.56	1021.38181818	1013.92	939.520833333	903.129032258	824.529411765	685.766666667	997.7	916.886792453	1229.08108108	1040.14285714	821.0	943.7	997.62	972.358208955	866.459016393	1073.0	1004.125	949.524590164	906.55	953.537313433	952.47826087	975.957446809	912.381818182	609.515625
alpha_rarefaction_577_3.txt	577	3	1110.89361702	916.5625	950.733333333	1197.91836735	797.046511628	986.404255319	1037.70588235	854.12	712.948275862	705.02	952.722222222	657.147540984	822.241935484	1004.05660377	1031.51219512	994.659574468	772.865384615	901.52173913	756.264705882	1177.45454545	865.227272727	849.395833333	856.15625	992.645833333	902.358490566	1053.01818182	957.06122449	943.471698113	916.571428571	622.544117647
alpha_rarefaction_577_4.txt	577	4	1122.0	950.454545455	1127.97826087	904.491803279	937.4	910.5625	1065.48979592	677.818181818	794.666666667	842.0	961.625	872.725490196	1021.38181818	901.220338983	899.058823529	752.078125	1101.0	1306.65789474	836.181818182	1180.85714286	938.557692308	816.52	910.381818182	966.553571429	877.660377358	1117.875	1064.91489362	983.56	1028.15789474	590.154929577
alpha_rarefaction_577_5.txt	577	5	903.275862069	862.0	870.142857143	1250.55813953	1086.22857143	1013.87804878	771.461538462	866.685185185	782.254237288	641.784313725	1030.6	736.789473684	1004.44827586	1011.06	962.020408163	1053.6	934.264150943	769.052631579	734.123076923	959.390625	834.620689655	1154.18181818	1045.63157895	1170.0	1306.0	1026.61111111	886.381818182	1035.09090909	857.016129032	601.614285714
alpha_rarefaction_577_6.txt	577	6	1164.42	871.807692308	1026.47727273	1114.16326531	790.272727273	1005.25	1078.8490566	897.773584906	771.052631579	594.97826087	1000.64583333	876.446808511	810.444444444	1016.29411765	882.901639344	882.352941176	1013.89361702	1068.7173913	801.238095238	933.467741935	865.810344828	771.75	1058.28301887	735.019230769	998.456521739	1055.27586207	909.157894737	1029.0	902.75	630.014925373
alpha_rarefaction_577_7.txt	577	7	1042.63157895	992.482758621	927.75	1117.81818182	940.571428571	1074.25	1025.265625	942.549019608	770.775510204	1018.5	785.96875	841.936170213	973.5	798.092307692	1242.76315789	799.353846154	853.137931034	1160.375	780.528301887	1246.12765957	840.355932203	780.901639344	1108.7254902	1035.05660377	889.538461538	952.0	1011.06521739	992.188679245	850.948275862	667.1
alpha_rarefaction_577_8.txt	577	8	1013.84210526	999.0	1114.0	1046.88235294	830.442307692	958.038461538	1224.61538462	877.2	792.630434783	723.738095238	851.773584906	869.765957447	898.32	1236.06818182	930.063829787	1099.25531915	997.0	846.472727273	679.266666667	906.714285714	887.32	934.705882353	945.442622951	1072.33333333	712.915492958	1106.25531915	995.8	1016.62222222	786.608108108	619.5
alpha_rarefaction_577_9.txt	577	9	970.372881356	774.491803279	1061.66666667	1204.3125	763.82	879.018181818	1071.76923077	691.892307692	907.6	816.875	863.277777778	765.610169492	1041.8	1009.51923077	869.684210526	893.928571429	956.471698113	882.3	846.016393443	1291.68518519	712.637931034	721.509090909	1042.10909091	1150.06666667	851.596491228	983.528301887	995.056603774	1038.70588235	963.444444444	652.693548387
alpha_rarefaction_640_0.txt	640	0	962.083333333	1003.78571429	1148.37254902	1017.5	877.269230769	1034.36842105	1003.59090909	877.75	846.962264151	715.0	1036.89830508	836.178571429	1118.56	1018.01886792	993.333333333	941.677966102	1038.31034483	1038.30508475	957.8	1226.13793103	849.430769231	967.708333333	929.090909091	1164.77358491	1016.5	1221.5	1177.23214286	975.451612903	921.872727273	639.714285714
alpha_rarefaction_640_1.txt	640	1	916.774647887	1004.55384615	840.514705882	1065.58064516	1057.45833333	897.308823529	913.015151515	890.344827586	1028.29411765	697.97826087	900.516666667	908.352941176	1005.77586207	867.424242424	1180.06521739	848.514705882	1043.69230769	1079.76271186	934.703125	949.424242424	1332.02777778	879.392857143	992.818181818	878.241935484	914.967213115	1056.63076923	1016.61111111	978.909090909	926.967213115	639.714285714
alpha_rarefaction_640_2.txt	640	2	935.044776119	1362.22727273	1038.59322034	1071.38095238	903.918367347	873.0	1087.96774194	815.421875	815.05	844.263157895	1093.67241379	764.333333333	883.956521739	997.62295082	942.508474576	894.114285714	895.591836735	935.603448276	883.092307692	1074.88709677	1051.49122807	933.677966102	1062.44262295	1017.91525424	1095.66666667	1051.96491228	929.603448276	1028.61111111	1038.30357143	639.714285714
alpha_rarefaction_640_3.txt	640	3	1290.22222222	1004.6779661	1203.5	1291.69565217	807.050847458	986.204081633	991.923076923	829.0	759.948275862	794.146341463	935.089552239	834.886792453	1074.48979592	1121.94444444	909.620689655	811.238095238	1044.78846154	1082.88888889	845.285714286	1397.11320755	849.681818182	790.553846154	1093.75862069	917.0	907.305084746	929.5625	1234.01923077	1112.875	795.436619718	639.714285714
alpha_rarefaction_640_4.txt	640	4	1334.42857143	1238.78431373	881.015625	1010.078125	807.238095238	956.406779661	1130.01694915	907.909090909	824.016666667	784.4	858.095238095	894.5	703.125	1006.0	1119.22727273	988.196721311	942.508474576	1093.35294118	837.859375	1071.76190476	827.703125	843.392857143	1031.75409836	759.558441558	853.0	948.21875	867.118644068	995.642857143	874.185714286	639.714285714
alpha_rarefaction_640_5.txt	640	5	1051.14754098	850.25	1002.28813559	1164.35849057	754.542372881	849.692307692	1292.69565217	868.163934426	872.118644068	676.75	817.878787879	896.3	977.438596491	940.857142857	812.016949153	1104.0	979.679245283	1036.06896552	923.898305085	1293.94915254	898.046153846	788.103448276	806.154761905	1225.94230769	1029.61111111	1254.26315789	943.428571429	1013.13793103	877.245901639	639.714285714
alpha_rarefaction_640_6.txt	640	6	823.150684932	1013.0	870.0	1111.50909091	893.018181818	1125.02	962.5	830.163934426	989.083333333	657.294117647	818.590909091	824.4	795.901408451	1004.88888889	844.181818182	851.3	1121.76785714	929.388888889	850.4375	952.14084507	1038.01886792	983.195652174	940.238095238	1275.63636364	1093.60869565	1186.51612903	1148.18181818	1153.45652174	1051.84482759	639.714285714
alpha_rarefaction_640_7.txt	640	7	909.044776119	934.014492754	959.625	1242.72	920.58490566	896.637931034	993.241935484	1067.55555556	881.622641509	869.097560976	997.333333333	693.75	1048.05660377	958.144927536	796.390625	813.901408451	1230.0	1084.0	946.018518519	1013.24615385	901.304347826	926.508196721	1127.56451613	1370.38461538	892.0	960.04	1008.0	897.516666667	1130.5	639.714285714
alpha_rarefaction_640_8.txt	640	8	904.52173913	944.085714286	1014.67857143	1162.66666667	968.976744186	1094.56	961.833333333	772.815384615	797.737704918	759.75	1116.11538462	878.066666667	928.693548387	1277.02	897.089552239	1289.76595745	1010.18867925	998.677966102	825.21875	1085.96721311	1024.87301587	986.654545455	935.044776119	987.654545455	723.347826087	1001.59090909	1103.7254902	868.568965517	926.916666667	639.714285714
alpha_rarefaction_640_9.txt	640	9	952.088235294	1284.45454545	984.679245283	899.149253731	823.642857143	930.043478261	995.923076923	975.038461538	754.380952381	815.416666667	1175.96078431	785.96875	1222.01851852	1076.68518519	1064.6	1070.25	1097.63829787	1059.19230769	912.0	931.763888889	929.75862069	1010.66666667	896.876712329	979.232142857	923.559322034	951.088235294	952.701754386	1009.75409836	783.539473684	639.714285714