	sequences per sample	iteration	515rcbc12	515rcbc23	515rcbc30	515rcbc29	515rcbc35	515rcbc9	515rcbc18	515rcbc15	515rcbc26	515rcbc36	515rcbc10	515rcbc25	515rcbc8	515rcbc16	515rcbc31	515rcbc22	515rcbc17	515rcbc24	515rcbc21	515rcbc19	515rcbc14	515rcbc32	515rcbc27	515rcbc11	515rcbc34	515rcbc37	515rcbc33	515rcbc28	515rcbc13	515rcbc20
alpha_rarefaction_10_0.txt	10	0	10.0	10.0	10.0	10.0	9.0	10.0	10.0	10.0	10.0	9.0	10.0	9.0	10.0	10.0	9.0	10.0	10.0	10.0	10.0	10.0	10.0	10.0	10.0	10.0	10.0	10.0	10.0	10.0	10.0	10.0
alpha_rarefaction_10_1.txt	10	1	10.0	10.0	10.0	10.0	10.0	10.0	10.0	10.0	10.0	10.0	10.0	10.0	9.0	9.0	10.0	10.0	10.0	10.0	10.0	10.0	9.0	10.0	10.0	10.0	10.0	10.0	9.0	10.0	10.0	10.0
alpha_rarefaction_10_2.txt	10	2	10.0	10.0	10.0	10.0	10.0	10.0	10.0	10.0	9.0	9.0	10.0	9.0	10.0	9.0	10.0	10.0	10.0	10.0	10.0	10.0	10.0	10.0	10.0	9.0	10.0	10.0	10.0	10.0	10.0	10.0
alpha_rarefaction_10_3.txt	10	3	10.0	9.0	10.0	10.0	10.0	10.0	9.0	10.0	10.0	10.0	10.0	10.0	10.0	10.0	10.0	10.0	10.0	10.0	10.0	10.0	10.0	10.0	10.0	10.0	10.0	9.0	10.0	10.0	9.0	10.0
alpha_rarefaction_10_4.txt	10	4	10.0	10.0	10.0	10.0	10.0	10.0	10.0	10.0	10.0	10.0	10.0	10.0	9.0	10.0	10.0	9.0	10.0	10.0	10.0	10.0	10.0	10.0	8.0	10.0	10.0	10.0	9.0	10.0	10.0	10.0
alpha_rarefaction_10_5.txt	10	5	10.0	10.0	10.0	10.0	10.0	10.0	10.0	10.0	9.0	9.0	10.0	10.0	9.0	10.0	10.0	10.0	10.0	10.0	9.0	10.0	10.0	8.0	10.0	10.0	10.0	9.0	10.0	10.0	10.0	10.0
alpha_rarefaction_10_6.txt	10	6	10.0	10.0	9.0	10.0	10.0	9.0	10.0	10.0	10.0	10.0	9.0	9.0	10.0	10.0	10.0	10.0	10.0	10.0	10.0	10.0	8.0	10.0	9.0	9.0	8.0	10.0	10.0	10.0	10.0	10.0
alpha_rarefaction_10_7.txt	10	7	10.0	9.0	10.0	9.0	10.0	10.0	10.0	10.0	9.0	10.0	10.0	9.0	10.0	10.0	9.0	9.0	10.0	10.0	10.0	10.0	10.0	10.0	10.0	10.0	10.0	10.0	8.0	10.0	8.0	10.0
alpha_rarefaction_10_8.txt	10	8	10.0	10.0	10.0	10.0	10.0	10.0	10.0	10.0	9.0	10.0	10.0	9.0	10.0	10.0	9.0	10.0	10.0	10.0	10.0	10.0	10.0	9.0	10.0	9.0	10.0	10.0	8.0	10.0	10.0	10.0
alpha_rarefaction_10_9.txt	10	9	9.0	10.0	10.0	10.0	10.0	10.0	10.0	10.0	10.0	10.0	9.0	9.0	10.0	10.0	10.0	10.0	10.0	10.0	9.0	8.0	10.0	10.0	10.0	10.0	10.0	10.0	10.0	9.0	10.0	10.0
alpha_rarefaction_73_0.txt	73	0	65.0	70.0	65.0	65.0	59.0	65.0	64.0	70.0	63.0	62.0	68.0	62.0	62.0	65.0	63.0	61.0	62.0	61.0	64.0	67.0	59.0	59.0	70.0	68.0	61.0	71.0	60.0	63.0	64.0	61.0
alpha_rarefaction_73_1.txt	73	1	66.0	66.0	62.0	65.0	63.0	65.0	65.0	66.0	64.0	54.0	60.0	62.0	59.0	63.0	62.0	67.0	71.0	62.0	64.0	67.0	66.0	64.0	65.0	64.0	65.0	67.0	61.0	57.0	69.0	66.0
alpha_rarefaction_73_2.txt	73	2	64.0	63.0	63.0	65.0	61.0	67.0	66.0	64.0	59.0	57.0	62.0	59.0	63.0	61.0	55.0	64.0	60.0	65.0	65.0	70.0	64.0	58.0	64.0	58.0	61.0	66.0	63.0	63.0	63.0	63.0
alpha_rarefaction_73_3.txt	73	3	65.0	67.0	69.0	68.0	58.0	63.0	67.0	62.0	59.0	56.0	64.0	63.0	64.0	64.0	64.0	64.0	63.0	57.0	61.0	69.0	59.0	60.0	64.0	68.0	61.0	68.0	56.0	66.0	66.0	68.0
alpha_rarefaction_73_4.txt	73	4	69.0	68.0	63.0	60.0	63.0	56.0	68.0	62.0	62.0	62.0	70.0	60.0	59.0	63.0	64.0	65.0	69.0	62.0	68.0	66.0	65.0	63.0	66.0	64.0	64.0	68.0	59.0	60.0	66.0	64.0
alpha_rarefaction_73_5.txt	73	5	63.0	66.0	63.0	58.0	64.0	65.0	69.0	66.0	67.0	52.0	63.0	65.0	64.0	69.0	61.0	65.0	61.0	64.0	66.0	65.0	65.0	61.0	67.0	61.0	62.0	69.0	61.0	62.0	63.0	65.0
alpha_rarefaction_73_6.txt	73	6	65.0	67.0	65.0	62.0	62.0	60.0	66.0	67.0	62.0	56.0	66.0	57.0	63.0	63.0	60.0	62.0	65.0	59.0	66.0	70.0	64.0	57.0	62.0	60.0	65.0	64.0	60.0	60.0	67.0	67.0
alpha_rarefaction_73_7.txt	73	7	62.0	65.0	61.0	64.0	63.0	66.0	68.0	64.0	62.0	57.0	64.0	61.0	61.0	54.0	61.0	67.0	67.0	61.0	65.0	65.0	64.0	61.0	67.0	65.0	65.0	63.0	55.0	63.0	61.0	67.0
alpha_rarefaction_73_8.txt	73	8	63.0	62.0	64.0	70.0	62.0	65.0	61.0	63.0	64.0	58.0	63.0	61.0	61.0	61.0	66.0	62.0	63.0	58.0	64.0	67.0	56.0	59.0	67.0	62.0	65.0	66.0	59.0	63.0	65.0	66.0
alpha_rarefaction_73_9.txt	73	9	69.0	63.0	64.0	65.0	58.0	63.0	66.0	65.0	61.0	53.0	65.0	59.0	68.0	60.0	54.0	58.0	65.0	67.0	68.0	67.0	60.0	59.0	70.0	65.0	64.0	64.0	65.0	57.0	63.0	63.0
alpha_rarefaction_136_0.txt	136	0	107.0	118.0	113.0	120.0	104.0	113.0	115.0	115.0	105.0	90.0	104.0	109.0	115.0	106.0	103.0	109.0	108.0	112.0	113.0	116.0	102.0	105.0	122.0	104.0	118.0	121.0	116.0	105.0	118.0	112.0
alpha_rarefaction_136_1.txt	136	1	117.0	109.0	100.0	117.0	105.0	115.0	102.0	113.0	105.0	106.0	109.0	107.0	117.0	108.0	109.0	111.0	111.0	102.0	111.0	112.0	109.0	113.0	109.0	109.0	110.0	115.0	107.0	93.0	108.0	106.0
alpha_rarefaction_136_2.txt	136	2	116.0	113.0	110.0	113.0	98.0	113.0	106.0	114.0	110.0	93.0	109.0	109.0	103.0	116.0	112.0	112.0	108.0	105.0	117.0	126.0	106.0	102.0	118.0	112.0	110.0	118.0	101.0	112.0	119.0	118.0
alpha_rarefaction_136_3.txt	136	3	117.0	110.0	110.0	122.0	104.0	102.0	111.0	113.0	108.0	94.0	112.0	111.0	110.0	111.0	108.0	106.0	122.0	108.0	112.0	116.0	111.0	105.0	123.0	112.0	106.0	116.0	104.0	100.0	106.0	112.0
alpha_rarefaction_136_4.txt	136	4	108.0	110.0	101.0	115.0	109.0	105.0	110.0	113.0	109.0	93.0	119.0	99.0	112.0	121.0	117.0	118.0	120.0	110.0	111.0	117.0	104.0	103.0	112.0	108.0	108.0	122.0	100.0	105.0	121.0	110.0
alpha_rarefaction_136_5.txt	136	5	113.0	116.0	113.0	111.0	111.0	114.0	115.0	105.0	113.0	95.0	117.0	107.0	112.0	106.0	108.0	102.0	115.0	103.0	111.0	113.0	102.0	100.0	116.0	114.0	107.0	115.0	103.0	108.0	108.0	114.0
alpha_rarefaction_136_6.txt	136	6	120.0	112.0	107.0	117.0	109.0	100.0	118.0	106.0	109.0	88.0	111.0	108.0	109.0	111.0	112.0	106.0	110.0	112.0	118.0	118.0	111.0	98.0	115.0	109.0	105.0	113.0	107.0	111.0	118.0	111.0
alpha_rarefaction_136_7.txt	136	7	111.0	116.0	112.0	112.0	103.0	105.0	115.0	107.0	106.0	103.0	104.0	97.0	113.0	108.0	104.0	117.0	108.0	113.0	112.0	118.0	107.0	101.0	117.0	115.0	115.0	118.0	102.0	112.0	112.0	111.0
alpha_rarefaction_136_8.txt	136	8	115.0	112.0	109.0	115.0	109.0	108.0	105.0	112.0	109.0	101.0	113.0	110.0	108.0	113.0	104.0	111.0	117.0	113.0	110.0	125.0	112.0	109.0	118.0	108.0	110.0	116.0	110.0	113.0	121.0	117.0
alpha_rarefaction_136_9.txt	136	9	120.0	113.0	107.0	114.0	110.0	111.0	117.0	114.0	108.0	94.0	102.0	108.0	102.0	114.0	109.0	108.0	112.0	113.0	116.0	121.0	108.0	106.0	117.0	108.0	113.0	117.0	104.0	109.0	114.0	114.0
alpha_rarefaction_199_0.txt	199	0	168.0	166.0	150.0	152.0	151.0	142.0	154.0	155.0	152.0	128.0	161.0	145.0	144.0	155.0	146.0	151.0	148.0	139.0	164.0	156.0	159.0	141.0	159.0	141.0	151.0	153.0	142.0	151.0	163.0	147.0
alpha_rarefaction_199_1.txt	199	1	160.0	156.0	154.0	163.0	144.0	150.0	153.0	163.0	137.0	135.0	140.0	145.0	141.0	148.0	153.0	151.0	156.0	139.0	149.0	167.0	154.0	143.0	164.0	145.0	151.0	168.0	151.0	150.0	164.0	152.0
alpha_rarefaction_199_2.txt	199	2	163.0	157.0	148.0	164.0	149.0	139.0	159.0	155.0	138.0	126.0	153.0	156.0	151.0	153.0	153.0	152.0	157.0	156.0	154.0	165.0	148.0	148.0	158.0	161.0	157.0	164.0	166.0	159.0	156.0	149.0
alpha_rarefaction_199_3.txt	199	3	162.0	155.0	154.0	154.0	145.0	145.0	153.0	141.0	149.0	127.0	148.0	148.0	157.0	146.0	144.0	156.0	164.0	154.0	143.0	166.0	152.0	146.0	158.0	134.0	151.0	166.0	145.0	148.0	152.0	147.0
alpha_rarefaction_199_4.txt	199	4	157.0	166.0	156.0	153.0	129.0	156.0	159.0	166.0	151.0	131.0	150.0	146.0	162.0	150.0	137.0	151.0	151.0	147.0	150.0	150.0	156.0	156.0	162.0	153.0	158.0	165.0	144.0	153.0	159.0	156.0
alpha_rarefaction_199_5.txt	199	5	155.0	153.0	156.0	170.0	137.0	155.0	163.0	154.0	133.0	119.0	152.0	147.0	150.0	145.0	144.0	151.0	158.0	145.0	159.0	160.0	158.0	139.0	164.0	151.0	146.0	164.0	154.0	155.0	154.0	147.0
alpha_rarefaction_199_6.txt	199	6	158.0	150.0	159.0	149.0	141.0	162.0	163.0	153.0	142.0	125.0	160.0	149.0	153.0	161.0	150.0	143.0	151.0	151.0	154.0	150.0	141.0	140.0	162.0	145.0	158.0	153.0	146.0	157.0	155.0	147.0
alpha_rarefaction_199_7.txt	199	7	159.0	145.0	151.0	160.0	140.0	148.0	162.0	152.0	148.0	130.0	158.0	159.0	160.0	156.0	149.0	154.0	152.0	157.0	163.0	163.0	164.0	147.0	158.0	151.0	154.0	157.0	141.0	152.0	156.0	153.0
alpha_rarefaction_199_8.txt	199	8	168.0	161.0	150.0	157.0	137.0	143.0	167.0	152.0	143.0	131.0	145.0	148.0	157.0	155.0	147.0	151.0	166.0	154.0	154.0	160.0	159.0	146.0	162.0	152.0	149.0	167.0	148.0	147.0	157.0	146.0
alpha_rarefaction_199_9.txt	199	9	161.0	159.0	154.0	156.0	145.0	147.0	159.0	155.0	137.0	126.0	159.0	143.0	149.0	156.0	151.0	152.0	151.0	153.0	151.0	157.0	143.0	146.0	166.0	145.0	155.0	171.0	148.0	156.0	153.0	150.0
alpha_rarefaction_262_0.txt	262	0	199.0	195.0	181.0	195.0	177.0	191.0	205.0	185.0	180.0	165.0	189.0	174.0	195.0	191.0	189.0	191.0	172.0	203.0	195.0	201.0	191.0	200.0	195.0	187.0	187.0	216.0	183.0	192.0	194.0	191.0
alpha_rarefaction_262_1.txt	262	1	198.0	202.0	184.0	197.0	171.0	178.0	193.0	189.0	188.0	157.0	182.0	184.0	186.0	178.0	184.0	170.0	188.0	197.0	199.0	196.0	186.0	179.0	217.0	186.0	197.0	198.0	196.0	190.0	186.0	200.0
alpha_rarefaction_262_2.txt	262	2	205.0	188.0	194.0	192.0	186.0	195.0	202.0	192.0	174.0	156.0	187.0	184.0	188.0	180.0	198.0	188.0	196.0	187.0	199.0	207.0	189.0	173.0	202.0	174.0	182.0	199.0	193.0	189.0	198.0	188.0
alpha_rarefaction_262_3.txt	262	3	194.0	196.0	193.0	195.0	171.0	191.0	201.0	188.0	177.0	164.0	193.0	182.0	190.0	194.0	175.0	185.0	193.0	183.0	181.0	212.0	187.0	186.0	204.0	195.0	180.0	192.0	187.0	177.0	189.0	184.0
alpha_rarefaction_262_4.txt	262	4	201.0	196.0	183.0	199.0	174.0	192.0	198.0	197.0	178.0	159.0	189.0	173.0	201.0	192.0	182.0	205.0	195.0	187.0	189.0	207.0	185.0	178.0	195.0	186.0	188.0	206.0	198.0	190.0	189.0	195.0
alpha_rarefaction_262_5.txt	262	5	200.0	200.0	188.0	204.0	168.0	187.0	196.0	188.0	181.0	156.0	209.0	188.0	197.0	187.0	182.0	205.0	195.0	192.0	198.0	202.0	171.0	178.0	203.0	197.0	174.0	219.0	194.0	188.0	199.0	186.0
alpha_rarefaction_262_6.txt	262	6	205.0	195.0	180.0	193.0	178.0	193.0	195.0	193.0	195.0	161.0	197.0	186.0	201.0	182.0	196.0	190.0	200.0	182.0	188.0	208.0	194.0	179.0	193.0	189.0	189.0	195.0	180.0	198.0	209.0	184.0
alpha_rarefaction_262_7.txt	262	7	198.0	197.0	184.0	196.0	181.0	182.0	189.0	198.0	196.0	160.0	198.0	179.0	186.0	184.0	188.0	193.0	192.0	190.0	190.0	203.0	186.0	176.0	199.0	199.0	194.0	211.0	182.0	173.0	192.0	187.0
alpha_rarefaction_262_8.txt	262	8	201.0	210.0	190.0	206.0	175.0	195.0	204.0	192.0	184.0	161.0	196.0	179.0	188.0	188.0	178.0	185.0	199.0	189.0	187.0	194.0	180.0	171.0	201.0	204.0	196.0	183.0	183.0	184.0	195.0	187.0
alpha_rarefaction_262_9.txt	262	9	202.0	196.0	193.0	197.0	179.0	179.0	200.0	178.0	193.0	165.0	187.0	180.0	185.0	198.0	180.0	202.0	193.0	192.0	192.0	207.0	182.0	185.0	213.0	197.0	174.0	199.0	184.0	183.0	186.0	190.0
alpha_rarefaction_325_0.txt	325	0	235.0	230.0	218.0	223.0	203.0	215.0	249.0	224.0	219.0	184.0	238.0	213.0	232.0	224.0	211.0	222.0	236.0	229.0	232.0	238.0	224.0	211.0	237.0	223.0	222.0	239.0	215.0	212.0	226.0	209.0
alpha_rarefaction_325_1.txt	325	1	247.0	221.0	228.0	226.0	214.0	214.0	225.0	236.0	221.0	176.0	219.0	213.0	237.0	234.0	202.0	230.0	219.0	235.0	222.0	243.0	210.0	224.0	223.0	236.0	241.0	252.0	218.0	237.0	222.0	218.0
alpha_rarefaction_325_2.txt	325	2	237.0	252.0	217.0	244.0	210.0	223.0	232.0	239.0	221.0	175.0	229.0	214.0	227.0	215.0	211.0	221.0	209.0	232.0	217.0	237.0	217.0	214.0	231.0	218.0	224.0	229.0	213.0	225.0	228.0	226.0
alpha_rarefaction_325_3.txt	325	3	233.0	240.0	228.0	234.0	206.0	223.0	235.0	227.0	219.0	179.0	217.0	215.0	242.0	232.0	220.0	228.0	226.0	223.0	234.0	248.0	229.0	214.0	227.0	214.0	217.0	237.0	219.0	221.0	236.0	218.0
alpha_rarefaction_325_4.txt	325	4	231.0	244.0	222.0	235.0	196.0	241.0	244.0	232.0	209.0	176.0	228.0	219.0	220.0	221.0	237.0	223.0	233.0	226.0	225.0	241.0	235.0	210.0	245.0	227.0	230.0	235.0	214.0	223.0	226.0	209.0
alpha_rarefaction_325_5.txt	325	5	236.0	227.0	233.0	224.0	209.0	225.0	240.0	232.0	214.0	174.0	229.0	217.0	225.0	229.0	216.0	226.0	217.0	220.0	229.0	244.0	235.0	205.0	253.0	220.0	225.0	243.0	200.0	233.0	241.0	210.0
alpha_rarefaction_325_6.txt	325	6	231.0	244.0	207.0	237.0	212.0	217.0	246.0	228.0	212.0	178.0	216.0	209.0	223.0	229.0	221.0	232.0	229.0	225.0	225.0	238.0	230.0	215.0	248.0	229.0	216.0	228.0	212.0	237.0	223.0	227.0
alpha_rarefaction_325_7.txt	325	7	243.0	221.0	222.0	238.0	201.0	230.0	237.0	226.0	219.0	191.0	237.0	218.0	207.0	215.0	231.0	220.0	228.0	234.0	226.0	230.0	221.0	210.0	231.0	228.0	229.0	238.0	202.0	225.0	236.0	216.0
alpha_rarefaction_325_8.txt	325	8	227.0	252.0	224.0	223.0	195.0	227.0	227.0	216.0	214.0	182.0	219.0	201.0	224.0	225.0	216.0	223.0	232.0	240.0	232.0	237.0	219.0	218.0	236.0	226.0	228.0	228.0	223.0	226.0	232.0	222.0
alpha_rarefaction_325_9.txt	325	9	244.0	235.0	217.0	237.0	197.0	225.0	233.0	221.0	202.0	185.0	231.0	218.0	236.0	222.0	232.0	215.0	220.0	213.0	229.0	252.0	221.0	217.0	252.0	230.0	202.0	237.0	218.0	210.0	227.0	224.0
alpha_rarefaction_388_0.txt	388	0	271.0	264.0	250.0	269.0	234.0	253.0	279.0	274.0	261.0	204.0	265.0	241.0	260.0	243.0	253.0	253.0	252.0	254.0	253.0	274.0	250.0	242.0	280.0	249.0	247.0	275.0	253.0	250.0	259.0	249.0
alpha_rarefaction_388_1.txt	388	1	275.0	267.0	255.0	265.0	246.0	245.0	272.0	254.0	250.0	213.0	250.0	242.0	268.0	247.0	244.0	253.0	251.0	255.0	266.0	279.0	258.0	248.0	273.0	245.0	258.0	291.0	238.0	246.0	262.0	245.0
alpha_rarefaction_388_2.txt	388	2	270.0	262.0	238.0	267.0	227.0	258.0	269.0	259.0	240.0	209.0	266.0	246.0	264.0	245.0	242.0	263.0	264.0	262.0	260.0	295.0	254.0	245.0	259.0	258.0	259.0	278.0	262.0	254.0	257.0	241.0
alpha_rarefaction_388_3.txt	388	3	267.0	281.0	256.0	282.0	250.0	251.0	273.0	261.0	238.0	212.0	247.0	223.0	266.0	253.0	255.0	263.0	262.0	273.0	259.0	271.0	232.0	235.0	260.0	257.0	256.0	280.0	243.0	261.0	249.0	257.0
alpha_rarefaction_388_4.txt	388	4	271.0	262.0	250.0	278.0	236.0	258.0	266.0	276.0	229.0	212.0	263.0	233.0	263.0	264.0	254.0	262.0	270.0	262.0	242.0	271.0	250.0	242.0	282.0	259.0	259.0	273.0	244.0	260.0	272.0	236.0
alpha_rarefaction_388_5.txt	388	5	273.0	265.0	252.0	269.0	234.0	264.0	261.0	271.0	245.0	184.0	250.0	254.0	256.0	264.0	244.0	255.0	250.0	255.0	264.0	279.0	256.0	247.0	279.0	273.0	257.0	283.0	234.0	265.0	273.0	233.0
alpha_rarefaction_388_6.txt	388	6	251.0	261.0	250.0	266.0	242.0	254.0	277.0	266.0	229.0	210.0	260.0	252.0	250.0	256.0	244.0	269.0	269.0	256.0	261.0	270.0	252.0	227.0	269.0	255.0	253.0	282.0	235.0	266.0	263.0	244.0
alpha_rarefaction_388_7.txt	388	7	258.0	267.0	242.0	264.0	250.0	255.0	267.0	258.0	235.0	212.0	270.0	241.0	259.0	247.0	249.0	263.0	251.0	258.0	259.0	274.0	263.0	236.0	260.0	257.0	248.0	275.0	246.0	254.0	260.0	253.0
alpha_rarefaction_388_8.txt	388	8	279.0	272.0	249.0	274.0	240.0	261.0	265.0	254.0	235.0	196.0	262.0	251.0	270.0	252.0	259.0	255.0	256.0	264.0	261.0	262.0	253.0	249.0	264.0	257.0	258.0	281.0	228.0	254.0	279.0	242.0
alpha_rarefaction_388_9.txt	388	9	273.0	267.0	259.0	266.0	228.0	246.0	270.0	268.0	252.0	187.0	265.0	249.0	260.0	260.0	253.0	252.0	274.0	249.0	243.0	284.0	246.0	264.0	267.0	259.0	248.0	270.0	239.0	256.0	262.0	243.0
alpha_rarefaction_451_0.txt	451	0	310.0	286.0	289.0	307.0	274.0	283.0	303.0	299.0	262.0	239.0	288.0	274.0	275.0	290.0	284.0	284.0	298.0	285.0	282.0	301.0	296.0	283.0	290.0	292.0	272.0	326.0	283.0	303.0	309.0	278.0
alpha_rarefaction_451_1.txt	451	1	311.0	304.0	284.0	295.0	266.0	279.0	296.0	283.0	281.0	206.0	274.0	257.0	289.0	289.0	276.0	279.0	298.0	294.0	298.0	311.0	258.0	283.0	291.0	301.0	299.0	308.0	279.0	287.0	291.0	274.0
alpha_rarefaction_451_2.txt	451	2	301.0	316.0	279.0	293.0	262.0	289.0	308.0	288.0	268.0	235.0	303.0	270.0	279.0	286.0	289.0	284.0	309.0	280.0	280.0	321.0	293.0	276.0	308.0	297.0	273.0	296.0	281.0	300.0	272.0	275.0
alpha_rarefaction_451_3.txt	451	3	298.0	303.0	273.0	297.0	281.0	274.0	318.0	285.0	255.0	251.0	278.0	261.0	286.0	283.0	271.0	305.0	292.0	272.0	293.0	313.0	293.0	291.0	309.0	280.0	280.0	296.0	288.0	290.0	287.0	280.0
alpha_rarefaction_451_4.txt	451	4	294.0	322.0	284.0	309.0	256.0	288.0	295.0	293.0	289.0	234.0	292.0	279.0	300.0	285.0	291.0	286.0	287.0	281.0	279.0	327.0	281.0	268.0	295.0	294.0	288.0	317.0	270.0	280.0	303.0	267.0
alpha_rarefaction_451_5.txt	451	5	287.0	319.0	283.0	304.0	266.0	286.0	301.0	281.0	279.0	237.0	299.0	253.0	294.0	280.0	291.0	308.0	294.0	284.0	280.0	303.0	291.0	284.0	306.0	282.0	300.0	308.0	270.0	284.0	287.0	268.0
alpha_rarefaction_451_6.txt	451	6	295.0	314.0	291.0	312.0	267.0	288.0	300.0	299.0	277.0	219.0	292.0	263.0	306.0	282.0	278.0	290.0	291.0	279.0	283.0	313.0	276.0	267.0	309.0	303.0	280.0	310.0	285.0	290.0	304.0	270.0
alpha_rarefaction_451_7.txt	451	7	300.0	314.0	298.0	299.0	260.0	284.0	296.0	285.0	278.0	233.0	287.0	265.0	288.0	275.0	273.0	273.0	298.0	274.0	293.0	306.0	269.0	282.0	310.0	289.0	274.0	315.0	283.0	291.0	292.0	276.0
alpha_rarefaction_451_8.txt	451	8	308.0	303.0	271.0	303.0	251.0	310.0	316.0	283.0	279.0	234.0	270.0	276.0	312.0	272.0	281.0	304.0	295.0	288.0	295.0	324.0	290.0	266.0	308.0	295.0	274.0	311.0	275.0	284.0	309.0	263.0
alpha_rarefaction_451_9.txt	451	9	310.0	302.0	282.0	312.0	268.0	287.0	298.0	299.0	270.0	232.0	300.0	289.0	299.0	281.0	285.0	296.0	285.0	292.0	285.0	333.0	267.0	263.0	314.0	290.0	286.0	308.0	270.0	273.0	288.0	268.0
alpha_rarefaction_514_0.txt	514	0	334.0	321.0	303.0	330.0	293.0	308.0	337.0	327.0	296.0	248.0	304.0	301.0	324.0	310.0	326.0	329.0	321.0	300.0	312.0	346.0	339.0	304.0	352.0	304.0	295.0	335.0	315.0	327.0	322.0	298.0
alpha_rarefaction_514_1.txt	514	1	324.0	344.0	317.0	337.0	270.0	323.0	334.0	296.0	297.0	235.0	338.0	293.0	327.0	314.0	314.0	335.0	315.0	301.0	304.0	355.0	311.0	297.0	343.0	314.0	310.0	339.0	312.0	305.0	314.0	305.0
alpha_rarefaction_514_2.txt	514	2	343.0	332.0	301.0	350.0	307.0	325.0	341.0	324.0	309.0	257.0	329.0	300.0	345.0	311.0	328.0	303.0	315.0	323.0	302.0	348.0	299.0	296.0	337.0	322.0	293.0	336.0	316.0	321.0	346.0	295.0
alpha_rarefaction_514_3.txt	514	3	335.0	324.0	302.0	328.0	295.0	314.0	337.0	331.0	291.0	258.0	324.0	296.0	329.0	320.0	299.0	323.0	320.0	318.0	325.0	352.0	306.0	299.0	338.0	335.0	307.0	332.0	324.0	315.0	311.0	300.0
alpha_rarefaction_514_4.txt	514	4	314.0	324.0	309.0	337.0	306.0	343.0	327.0	315.0	294.0	239.0	319.0	308.0	325.0	321.0	313.0	309.0	307.0	311.0	320.0	343.0	306.0	291.0	343.0	314.0	329.0	352.0	303.0	316.0	321.0	294.0
alpha_rarefaction_514_5.txt	514	5	332.0	334.0	305.0	341.0	271.0	332.0	332.0	330.0	315.0	246.0	325.0	283.0	322.0	301.0	328.0	309.0	311.0	297.0	303.0	355.0	312.0	280.0	347.0	313.0	323.0	352.0	301.0	306.0	332.0	308.0
alpha_rarefaction_514_6.txt	514	6	334.0	325.0	309.0	345.0	280.0	286.0	328.0	324.0	310.0	253.0	320.0	298.0	333.0	303.0	289.0	321.0	330.0	316.0	303.0	343.0	320.0	297.0	330.0	332.0	320.0	343.0	318.0	317.0	325.0	306.0
alpha_rarefaction_514_7.txt	514	7	326.0	330.0	296.0	340.0	280.0	295.0	343.0	309.0	286.0	266.0	339.0	302.0	323.0	311.0	295.0	320.0	312.0	314.0	322.0	350.0	306.0	305.0	342.0	306.0	301.0	334.0	304.0	313.0	335.0	302.0
alpha_rarefaction_514_8.txt	514	8	344.0	333.0	325.0	331.0	285.0	312.0	330.0	320.0	280.0	257.0	325.0	289.0	321.0	321.0	317.0	326.0	321.0	313.0	313.0	339.0	311.0	294.0	328.0	314.0	299.0	335.0	303.0	313.0	325.0	291.0
alpha_rarefaction_514_9.txt	514	9	348.0	323.0	309.0	324.0	272.0	312.0	349.0	329.0	306.0	252.0	309.0	305.0	320.0	316.0	306.0	317.0	327.0	316.0	323.0	341.0	313.0	291.0	339.0	323.0	307.0	338.0	314.0	311.0	317.0	298.0
alpha_rarefaction_577_0.txt	577	0	370.0	367.0	334.0	367.0	326.0	337.0	357.0	345.0	322.0	272.0	335.0	317.0	364.0	352.0	349.0	323.0	345.0	346.0	352.0	375.0	336.0	324.0	358.0	365.0	350.0	379.0	349.0	362.0	348.0	322.0
alpha_rarefaction_577_1.txt	577	1	383.0	381.0	352.0	378.0	307.0	334.0	374.0	331.0	326.0	259.0	343.0	307.0	342.0	356.0	341.0	344.0	358.0	354.0	349.0	384.0	337.0	330.0	372.0	363.0	343.0	367.0	348.0	354.0	341.0	312.0
alpha_rarefaction_577_2.txt	577	2	350.0	371.0	346.0	373.0	310.0	347.0	366.0	356.0	332.0	274.0	326.0	313.0	350.0	339.0	340.0	353.0	343.0	341.0	355.0	381.0	348.0	338.0	370.0	363.0	354.0	383.0	329.0	340.0	351.0	317.0
alpha_rarefaction_577_3.txt	577	3	361.0	370.0	324.0	372.0	306.0	340.0	357.0	332.0	320.0	299.0	353.0	311.0	348.0	354.0	332.0	343.0	318.0	319.0	345.0	389.0	359.0	315.0	362.0	339.0	343.0	373.0	332.0	342.0	341.0	324.0
alpha_rarefaction_577_4.txt	577	4	381.0	357.0	356.0	361.0	313.0	364.0	357.0	326.0	318.0	290.0	344.0	329.0	366.0	348.0	332.0	337.0	342.0	351.0	357.0	378.0	340.0	317.0	349.0	356.0	332.0	385.0	343.0	346.0	372.0	321.0
alpha_rarefaction_577_5.txt	577	5	358.0	360.0	328.0	368.0	314.0	326.0	366.0	340.0	332.0	286.0	352.0	318.0	369.0	348.0	342.0	354.0	347.0	323.0	336.0	375.0	336.0	321.0	375.0	357.0	344.0	369.0	334.0	339.0	355.0	323.0
alpha_rarefaction_577_6.txt	577	6	372.0	334.0	336.0	362.0	328.0	337.0	368.0	343.0	325.0	264.0	347.0	321.0	327.0	351.0	352.0	334.0	341.0	348.0	346.0	365.0	342.0	329.0	368.0	313.0	338.0	377.0	341.0	349.0	363.0	324.0
alpha_rarefaction_577_7.txt	577	7	372.0	371.0	324.0	382.0	319.0	351.0	384.0	342.0	310.0	297.0	349.0	320.0	346.0	342.0	343.0	347.0	342.0	364.0	326.0	379.0	342.0	334.0	370.0	360.0	338.0	369.0	329.0	352.0	344.0	322.0
alpha_rarefaction_577_8.txt	577	8	372.0	363.0	335.0	361.0	324.0	345.0	385.0	347.0	311.0	278.0	333.0	324.0	339.0	361.0	330.0	355.0	361.0	338.0	317.0	364.0	328.0	339.0	372.0	347.0	342.0	362.0	343.0	336.0	366.0	321.0
alpha_rarefaction_577_9.txt	577	9	373.0	339.0	342.0	373.0	308.0	340.0	363.0	328.0	334.0	289.0	341.0	327.0	339.0	352.0	341.0	347.0	355.0	351.0	352.0	399.0	316.0	311.0	372.0	355.0	340.0	358.0	345.0	358.0	359.0	322.0
alpha_rarefaction_640_0.txt	640	0	400.0	401.0	377.0	385.0	344.0	383.0	399.0	359.0	337.0	305.0	389.0	341.0	376.0	363.0	365.0	371.0	384.0	381.0	360.0	411.0	359.0	345.0	387.0	385.0	369.0	402.0	387.0	381.0	365.0	341.0
alpha_rarefaction_640_1.txt	640	1	390.0	395.0	368.0	399.0	356.0	379.0	379.0	358.0	363.0	291.0	365.0	346.0	375.0	369.0	367.0	376.0	371.0	389.0	384.0	391.0	353.0	350.0	401.0	360.0	363.0	403.0	359.0	362.0	375.0	341.0
alpha_rarefaction_640_2.txt	640	2	389.0	390.0	386.0	397.0	338.0	367.0	398.0	356.0	345.0	294.0	391.0	339.0	377.0	380.0	363.0	383.0	344.0	364.0	377.0	399.0	376.0	363.0	399.0	384.0	373.0	391.0	358.0	371.0	385.0	341.0
alpha_rarefaction_640_3.txt	640	3	409.0	380.0	358.0	387.0	345.0	351.0	391.0	355.0	337.0	299.0	385.0	338.0	366.0	383.0	360.0	356.0	367.0	375.0	379.0	422.0	359.0	353.0	396.0	379.0	367.0	383.0	383.0	380.0	371.0	341.0
alpha_rarefaction_640_4.txt	640	4	423.0	400.0	363.0	391.0	352.0	368.0	400.0	360.0	350.0	306.0	368.0	350.0	350.0	394.0	354.0	384.0	363.0	376.0	367.0	402.0	353.0	344.0	396.0	365.0	370.0	385.0	348.0	371.0	382.0	341.0
alpha_rarefaction_640_5.txt	640	5	397.0	374.0	373.0	390.0	335.0	367.0	388.0	362.0	353.0	307.0	365.0	365.0	373.0	358.0	346.0	376.0	359.0	377.0	375.0	418.0	368.0	338.0	396.0	392.0	372.0	414.0	356.0	373.0	367.0	341.0
alpha_rarefaction_640_6.txt	640	6	383.0	393.0	360.0	386.0	354.0	377.0	373.0	360.0	351.0	294.0	362.0	357.0	368.0	362.0	365.0	374.0	394.0	353.0	368.0	402.0	368.0	344.0	385.0	340.0	356.0	419.0	381.0	364.0	388.0	341.0
alpha_rarefaction_640_7.txt	640	7	383.0	388.0	363.0	393.0	352.0	360.0	390.0	380.0	345.0	308.0	369.0	328.0	373.0	388.0	352.0	372.0	381.0	370.0	365.0	395.0	375.0	366.0	409.0	376.0	374.0	409.0	378.0	362.0	403.0	341.0
alpha_rarefaction_640_8.txt	640	8	386.0	398.0	371.0	392.0	335.0	379.0	391.0	357.0	347.0	282.0	381.0	328.0	373.0	386.0	375.0	392.0	370.0	374.0	362.0	399.0	387.0	365.0	389.0	366.0	345.0	397.0	365.0	349.0	396.0	341.0
alpha_rarefaction_640_9.txt	640	9	394.0	408.0	364.0	381.0	341.0	388.0	395.0	362.0	340.0	290.0	388.0	349.0	397.0	379.0	365.0	391.0	359.0	366.0	368.0	397.0	367.0	341.0	392.0	364.0	366.0	393.0	362.0	374.0	374.0	341.0