	sequences per sample	iteration	515rcbc12	515rcbc23	515rcbc30	515rcbc29	515rcbc35	515rcbc9	515rcbc18	515rcbc15	515rcbc26	515rcbc36	515rcbc10	515rcbc25	515rcbc8	515rcbc16	515rcbc31	515rcbc22	515rcbc17	515rcbc24	515rcbc21	515rcbc19	515rcbc14	515rcbc32	515rcbc27	515rcbc11	515rcbc34	515rcbc37	515rcbc33	515rcbc28	515rcbc13	515rcbc20
alpha_rarefaction_10_0.txt	10	0	3.67621	3.32456	3.0585	4.08888	2.77918	3.82127	3.78548	2.54518	3.72645	3.34847	3.25756	2.20393	3.713	3.41884	3.06222	4.22698	2.62707	3.94851	3.97891	2.7258	3.20449	3.37724	3.24215	2.77748	3.47313	3.00542	2.64626	3.42189	2.64534	3.82404
alpha_rarefaction_10_1.txt	10	1	3.52122	3.23285	2.69919	3.21535	2.41247	4.10481	3.48888	3.48071	3.49678	2.60427	2.86399	3.15452	2.63063	2.35033	3.41313	3.35275	2.87756	2.96273	4.08992	3.76054	3.78483	2.861	3.65035	3.22188	3.98053	2.66811	2.4832	3.31215	2.19515	3.42192
alpha_rarefaction_10_2.txt	10	2	3.13331	3.45843	4.46631	2.63057	3.33838	3.10375	2.69082	2.69432	3.57064	2.98514	2.34379	2.41494	3.4895	3.13018	2.89032	3.67744	3.19914	3.52091	3.35912	3.10825	2.82911	3.11097	2.86369	3.90433	2.5406	3.99343	2.4754	3.89131	3.43851	3.14856
alpha_rarefaction_10_3.txt	10	3	3.32366	2.51529	3.99606	3.18625	3.84945	3.64778	4.07146	2.84821	2.88878	2.69787	3.48293	3.07168	3.5165	3.47194	3.61017	3.5267	3.74784	3.40572	3.27698	2.88038	3.62819	3.64614	2.51254	3.09762	2.88195	2.93864	3.04265	4.09838	3.14717	3.42118
alpha_rarefaction_10_4.txt	10	4	4.15654	3.79011	3.18266	2.56224	3.05705	4.13105	2.66452	3.99323	3.86591	3.74466	3.60527	2.99407	2.74909	2.90939	3.49759	2.49131	2.84519	3.48584	3.48843	2.64316	3.52025	2.80195	3.01724	3.40861	3.60957	2.46567	2.56359	3.08053	2.93914	4.1148
alpha_rarefaction_10_5.txt	10	5	3.40347	4.08394	3.66166	3.2486	2.44017	3.11712	2.63969	3.4125	2.87249	3.09905	3.26401	2.43682	2.90125	3.02326	2.79348	4.35132	2.72856	3.94188	2.55276	2.82352	4.00004	2.94083	3.26616	3.24896	2.71464	2.56367	3.03278	3.09093	3.7306	3.17751
alpha_rarefaction_10_6.txt	10	6	4.19394	3.25558	3.83984	3.88052	3.00828	3.74306	3.01978	4.25987	3.26613	3.64242	2.56753	3.01919	3.46107	3.34386	3.68193	3.44278	3.30201	2.90338	4.33774	2.41173	2.07638	2.84007	3.08531	3.25537	2.56317	2.50426	3.28385	3.30474	3.89268	3.9033
alpha_rarefaction_10_7.txt	10	7	3.14834	3.15822	3.09921	3.27892	2.44619	2.76354	3.41776	3.23038	3.20244	3.21784	3.61352	3.16137	3.55993	3.51904	2.37591	2.61754	3.39305	3.77568	3.42439	3.43811	3.72587	2.43617	3.2197	3.62023	3.23013	3.90754	2.33528	2.84339	2.40641	3.26962
alpha_rarefaction_10_8.txt	10	8	2.87532	4.43757	4.27609	2.97984	3.05224	3.80004	3.54011	2.37479	2.85442	3.99213	3.96767	3.1442	2.80708	3.19	3.26051	3.67487	3.59969	4.21881	2.87657	3.28114	3.60934	3.19042	4.067	2.79621	3.19448	3.36347	3.00328	3.05222	2.3328	4.13172
alpha_rarefaction_10_9.txt	10	9	3.05097	2.91704	3.87125	3.93424	3.07557	4.14061	2.7461	2.6883	3.16837	3.32243	3.04108	2.48046	2.99344	3.42197	3.3164	3.75574	3.31206	3.70913	3.41685	1.95449	4.29989	3.53246	3.56201	2.37284	3.41686	4.1369	3.07975	3.50666	4.0117	3.57387
alpha_rarefaction_73_0.txt	73	0	12.05641	13.2934	13.46394	13.48758	10.68787	14.03939	12.83954	12.91387	11.97316	13.16132	12.85118	11.76255	11.28664	11.9528	12.86291	13.99759	12.39406	11.72914	12.55075	13.6254	12.99002	11.30971	12.79436	13.12196	11.74658	12.71779	12.06043	13.23021	13.45362	11.97486
alpha_rarefaction_73_1.txt	73	1	12.40161	13.02156	13.44055	12.29981	12.15354	13.42414	11.81946	13.22593	11.58318	9.71907	11.44145	11.71577	11.81165	12.70196	11.93487	13.34524	15.33202	12.24039	12.46936	14.24556	13.77915	11.72161	13.46314	12.24625	11.34621	14.02643	12.35705	11.20571	13.1136	13.83899
alpha_rarefaction_73_2.txt	73	2	11.7946	15.1446	13.24493	11.56338	10.83375	13.81046	13.41383	12.83768	12.37732	11.45738	12.40214	11.31988	12.4634	12.17533	12.55352	12.73694	11.68097	13.42974	13.21568	13.66407	13.45757	10.83151	12.38629	11.49272	12.89641	13.9941	11.20296	13.35263	11.34057	12.04024
alpha_rarefaction_73_3.txt	73	3	14.80247	14.33123	12.93243	15.10303	11.5871	13.24436	13.62874	12.19537	12.73316	10.04344	13.4239	12.1933	11.9346	13.2323	13.42741	13.3916	12.24621	12.39403	12.37014	14.07671	12.44901	12.42498	13.20018	12.41387	11.3238	14.21659	11.02422	13.8376	14.0247	13.51583
alpha_rarefaction_73_4.txt	73	4	13.83753	12.98736	12.63987	12.55431	12.63354	10.70992	13.93441	11.5635	12.55268	12.26011	12.31438	13.21126	12.14692	13.59957	12.81407	12.24185	13.85252	12.49011	13.61794	12.23255	11.66495	12.72901	12.89578	12.50887	12.09767	12.74716	11.70398	12.136	13.16941	13.7052
alpha_rarefaction_73_5.txt	73	5	11.06197	12.97252	12.8693	11.10158	12.63643	13.77878	14.63373	13.51816	12.7286	10.33272	13.24901	13.42706	12.27712	13.86733	12.09468	13.57496	12.11724	12.91679	11.63984	13.45193	13.61786	12.77132	13.19938	12.41234	14.1877	13.96541	13.14296	12.83815	12.71784	13.48308
alpha_rarefaction_73_6.txt	73	6	11.86675	13.69884	11.75614	12.32634	11.17697	12.42752	12.2359	13.03246	12.22683	11.13731	14.02375	10.3539	12.74449	12.42847	12.03201	10.88033	12.02114	12.42583	14.26115	15.28462	12.91556	10.30534	13.30249	12.81687	12.07723	13.25249	12.31095	12.31645	13.45736	13.76448
alpha_rarefaction_73_7.txt	73	7	12.32896	14.24079	12.68266	12.72096	12.29141	13.02828	14.33172	12.30531	12.99805	12.22089	11.34049	10.77561	13.20471	12.11661	12.30001	12.00151	12.83693	12.69273	12.47601	14.23039	13.53032	12.82641	13.54385	12.71796	12.80543	12.63684	10.42806	12.75083	12.12618	14.11258
alpha_rarefaction_73_8.txt	73	8	11.52458	12.21784	12.67179	13.89963	12.29318	11.35962	12.50649	12.23562	12.69762	12.60157	13.51289	12.17903	13.77288	12.98002	12.55496	12.98331	12.19938	12.9498	12.252	13.7551	11.87779	12.03223	13.1242	12.65828	13.55435	13.66689	14.00563	13.73008	12.47276	12.89953
alpha_rarefaction_73_9.txt	73	9	12.86971	14.33304	12.34393	14.75837	11.88844	13.56337	13.42395	11.90005	12.0571	10.77116	12.70327	11.37115	12.58319	12.1532	10.8952	12.08113	12.48364	13.6049	14.41944	12.73729	13.01699	10.99638	13.80803	13.32941	14.36361	12.44917	13.53606	12.05919	13.12009	12.74415
alpha_rarefaction_136_0.txt	136	0	16.40699	20.45235	18.54499	19.64717	17.26092	19.01086	18.22054	18.59255	17.3638	16.04489	17.08065	17.04057	18.74442	16.87544	17.3867	18.15653	17.264	18.59699	19.6047	20.28138	18.34044	17.43008	19.70282	17.76101	18.05189	20.5413	19.26354	17.80985	20.40648	17.73775
alpha_rarefaction_136_1.txt	136	1	19.92306	17.6832	17.45795	19.09422	16.41248	17.9934	18.2682	18.50139	16.93283	17.63643	19.11671	16.88263	19.05866	18.91871	18.48808	18.45216	16.874	16.92597	18.95964	19.2592	19.13545	19.78172	19.13382	17.89599	19.60425	17.68852	16.4834	16.16279	19.4912	19.05671
alpha_rarefaction_136_2.txt	136	2	18.7136	17.8809	17.52367	19.90326	15.72985	20.85138	20.35173	18.12817	19.50913	15.85716	19.535	17.00656	17.23144	20.09878	18.80292	18.83012	17.81278	18.30928	19.46654	21.46816	18.22795	17.6151	19.20339	18.56341	18.8323	19.13897	17.4499	19.7426	20.56201	19.86636
alpha_rarefaction_136_3.txt	136	3	17.94409	20.75284	18.5614	19.78439	16.94556	18.37208	18.71364	16.79566	19.3934	16.20973	18.12201	17.64594	18.44585	18.4672	18.42276	18.24848	21.98493	19.01834	19.28301	20.23065	20.2289	17.93562	20.00137	18.07687	17.82806	18.28284	17.16197	16.01602	19.20624	18.77488
alpha_rarefaction_136_4.txt	136	4	19.39189	18.36423	17.33523	19.85973	17.9882	17.8732	19.36131	18.04475	17.68303	15.19669	20.15728	15.8883	18.63767	21.21145	18.97677	19.13374	19.17768	18.46263	19.32982	20.47538	19.30597	18.8176	18.6977	18.48908	17.234	19.42012	15.78447	17.72241	21.03072	19.32649
alpha_rarefaction_136_5.txt	136	5	18.63629	18.32835	17.99139	18.29892	18.52788	20.5492	18.9995	17.70135	17.90143	15.71809	20.04908	17.61542	18.04147	17.80855	18.40208	18.02757	18.88892	17.18901	18.31357	19.59601	17.2854	15.84688	19.54013	18.61905	18.43468	20.12125	17.9046	18.79314	17.15158	19.68366
alpha_rarefaction_136_6.txt	136	6	19.84924	19.67417	17.49433	17.96505	17.51203	16.62641	20.21719	17.0469	17.25748	14.21422	18.02348	17.58321	18.31419	19.12459	18.85453	17.75923	17.10748	18.16964	18.39262	19.90882	19.3178	18.09833	19.32754	17.62834	16.81723	18.54904	17.67295	19.40088	19.69889	19.30947
alpha_rarefaction_136_7.txt	136	7	17.99934	19.90647	18.12583	19.85156	16.66445	18.26964	18.52587	18.2155	16.43391	17.5404	17.88671	16.9571	19.09867	18.13057	16.17172	18.98408	16.63365	20.09464	19.57794	20.20292	18.60467	17.73562	19.71477	19.32435	20.15728	19.14018	17.02214	17.71001	18.10318	19.38283
alpha_rarefaction_136_8.txt	136	8	18.05231	19.61121	17.69749	20.53287	17.67854	18.23055	17.69684	17.36903	19.0781	17.81925	19.06067	18.07221	18.28111	18.27312	17.68164	17.57713	19.23489	20.48661	18.67263	21.27586	19.08667	19.04387	19.57375	18.53119	17.04361	18.40796	18.11136	20.03045	20.27009	18.46983
alpha_rarefaction_136_9.txt	136	9	21.80505	19.08029	18.00122	18.0878	17.6318	18.86206	19.70681	17.627	17.89377	17.42877	17.0569	17.20269	18.43635	18.54018	17.37794	18.60646	19.43163	18.92231	19.39521	20.93393	18.90025	18.43893	21.21937	18.58092	18.50037	20.48777	17.44446	18.42819	18.61063	20.19709
alpha_rarefaction_199_0.txt	199	0	24.23679	24.38659	24.19664	22.89971	22.87215	23.05931	25.60158	23.82232	23.42625	18.18856	24.00445	22.50883	20.22141	22.72867	21.63411	24.20259	21.42571	21.09188	25.63319	22.42359	23.59688	21.37875	24.2822	21.59819	22.58717	21.34906	21.56095	23.71834	23.69303	22.52344
alpha_rarefaction_199_1.txt	199	1	22.79326	24.64823	23.71028	24.32986	20.48472	23.74221	23.50837	23.27706	20.5916	20.03457	22.59591	20.43413	20.29435	22.54101	22.95339	23.76223	22.07667	21.44167	23.61753	24.43821	23.11962	21.01908	24.87658	22.66387	21.35977	26.03768	23.81647	23.60534	24.81457	23.71603
alpha_rarefaction_199_2.txt	199	2	23.2765	24.21761	21.90883	24.96864	23.92516	23.08342	22.7716	22.75897	22.05579	20.36035	22.97686	21.19116	22.23451	23.00591	22.55347	23.00223	22.62653	23.55866	21.97992	25.0127	22.02989	22.36233	23.33534	23.68899	21.54922	25.33953	24.06474	24.80185	23.38157	23.51396
alpha_rarefaction_199_3.txt	199	3	22.81457	25.66117	21.78987	23.86906	20.40967	20.91887	21.91305	21.83833	23.1837	19.0623	22.38632	23.09858	24.05382	22.95339	21.64043	23.10927	23.08208	24.64853	22.47525	26.14731	24.47886	22.38234	24.6222	19.97775	21.56754	23.26026	22.43077	22.87486	24.08311	23.3099
alpha_rarefaction_199_4.txt	199	4	22.35287	26.55997	23.85561	23.69651	20.14235	24.60164	23.04075	22.19436	22.44634	18.93626	22.92841	20.9676	23.88686	21.84629	22.29459	21.99517	22.64385	23.61375	24.16168	21.92069	25.55068	23.43894	22.22323	22.96458	23.02371	23.06384	23.11274	23.16587	24.25194	22.8584
alpha_rarefaction_199_5.txt	199	5	23.30801	23.02028	23.27089	25.47826	19.43249	24.21738	24.37973	21.77457	20.60244	18.38226	24.18609	21.76305	23.30116	20.73533	21.04044	22.02256	22.82189	21.48991	24.8392	25.71785	23.61341	21.11643	25.35509	23.53865	22.36938	23.72123	23.6727	24.05026	23.04449	22.35095
alpha_rarefaction_199_6.txt	199	6	24.06065	23.33162	23.0555	23.22956	20.09347	25.11394	24.26745	20.55003	22.00569	20.9268	23.54461	23.05961	21.53372	24.75629	24.18574	22.81875	22.32563	22.23479	23.08325	22.25448	21.17568	22.1867	24.29517	22.17213	23.7993	21.81841	20.30563	23.52418	23.89826	21.68488
alpha_rarefaction_199_7.txt	199	7	23.04294	21.51775	24.39784	22.429	20.77101	22.91616	24.76156	22.82041	22.17026	18.7302	22.49296	22.50603	24.20982	24.16251	23.87747	22.70239	22.49736	23.62714	23.44251	24.18094	24.24321	21.09535	23.46989	22.62041	23.41922	24.23487	21.54534	22.56252	23.1099	22.29759
alpha_rarefaction_199_8.txt	199	8	24.82337	23.78162	22.68516	24.46162	19.57257	19.38013	24.98351	20.88151	21.09174	20.18102	22.49543	24.58351	24.87019	22.93084	22.55916	21.79185	23.52929	23.70245	22.74736	23.54861	24.86274	23.50735	23.69018	24.388	21.06467	25.55295	24.13287	20.07246	24.10765	21.91366
alpha_rarefaction_199_9.txt	199	9	22.90533	23.38888	22.97321	23.19219	21.38386	22.80549	24.24412	22.6516	20.0688	19.90665	24.05253	20.72987	22.88544	23.76065	21.72025	23.81442	21.89658	24.31869	22.66323	23.89472	21.48047	23.47185	25.54495	20.85492	21.60159	24.61276	22.21322	22.70941	24.34269	22.99975
alpha_rarefaction_262_0.txt	262	0	27.24396	28.27614	26.40274	28.17398	24.36138	27.07275	26.90147	24.05898	24.80606	23.07875	26.51226	22.70726	27.89762	27.49829	25.40391	26.74916	23.97918	28.91744	25.78699	27.37819	26.42373	27.33339	27.45024	26.93737	26.19717	30.89826	25.58859	27.20323	27.1146	26.70674
alpha_rarefaction_262_1.txt	262	1	28.34355	29.3461	24.48414	28.16008	24.75072	26.94263	27.74071	25.58559	26.38122	23.75368	25.65793	26.63014	24.9252	24.83821	26.10467	24.40512	26.09217	27.3886	26.99486	26.51347	26.34348	24.99219	29.567	25.29828	26.7503	27.24524	29.05296	25.86047	26.30691	27.95052
alpha_rarefaction_262_2.txt	262	2	27.54608	26.73337	25.83115	26.99104	25.52065	28.45056	28.25372	25.04689	24.77338	21.55835	26.55879	24.68696	25.57085	25.39515	27.65926	27.41372	27.83606	26.83777	28.06217	28.3061	27.90811	24.72249	27.84257	25.12844	24.99188	26.15775	27.31316	26.89146	27.20365	26.17794
alpha_rarefaction_262_3.txt	262	3	26.82391	27.1988	27.4211	26.98654	24.19792	27.85166	28.76416	24.64527	26.41417	24.66599	26.83071	23.78246	25.42602	26.6213	23.59738	24.88786	25.68681	26.85489	26.6042	29.60175	26.49705	26.65386	28.40428	26.91649	26.11929	26.40181	26.40103	25.91272	25.80178	25.2349
alpha_rarefaction_262_4.txt	262	4	27.04466	27.54146	27.46674	26.6808	24.2617	28.25683	24.06247	25.37506	25.92963	22.36589	26.58659	23.24912	29.59682	27.43293	24.74457	28.31861	27.10372	27.59718	25.70357	28.43817	27.65291	25.25895	26.81082	25.96455	25.82447	27.35759	28.84714	27.75458	26.22652	26.70906
alpha_rarefaction_262_5.txt	262	5	27.42685	28.48113	27.22291	28.90147	22.74191	28.0554	26.82524	26.48943	26.3744	23.22182	28.43288	25.02606	26.09685	26.68109	25.81008	28.55204	26.31664	27.26075	27.37529	28.80383	25.78593	25.32553	27.20301	28.70872	24.97276	29.36784	27.54993	26.64866	27.01482	27.25657
alpha_rarefaction_262_6.txt	262	6	27.03564	28.41096	26.30136	27.74166	25.22859	27.18416	27.94732	24.74587	25.53832	24.6824	27.12637	24.96812	27.61077	26.52217	26.94991	27.34713	26.50235	25.66198	25.41898	28.88118	27.39298	26.32983	28.43791	25.22175	24.47813	25.97267	24.3873	28.20301	29.22135	24.87916
alpha_rarefaction_262_7.txt	262	7	26.27838	27.81218	27.72043	26.99135	24.60513	27.20561	27.17979	27.14544	26.99742	23.48025	27.77417	23.66505	26.69531	25.87476	26.02579	27.20698	26.50421	28.19625	26.81714	29.28454	27.01121	25.53639	29.04434	28.67807	26.66517	28.21299	24.57429	25.29195	26.09693	25.99126
alpha_rarefaction_262_8.txt	262	8	28.3321	29.03526	26.80416	27.56882	23.71098	28.43716	28.6485	25.4208	25.42705	24.62768	27.57664	25.11062	25.50886	27.2249	26.21972	25.77125	27.30393	27.90035	27.88497	28.08689	25.70318	24.15602	26.44414	26.71002	27.84626	25.27527	24.48286	27.16966	29.16049	27.20791
alpha_rarefaction_262_9.txt	262	9	27.67392	27.79426	28.40497	25.57655	25.76942	26.69726	27.19344	24.41028	27.16815	24.79558	26.07004	23.98534	26.41943	27.46807	25.24014	27.65479	27.47385	27.08324	25.41702	30.18958	27.17436	25.17954	28.52668	27.28958	24.41011	29.03704	25.1704	25.45979	26.57338	26.60149
alpha_rarefaction_325_0.txt	325	0	30.2802	30.94483	27.38936	29.49148	27.36985	28.89668	33.97711	28.08218	27.91762	23.88554	30.85938	27.35998	29.85838	29.08302	29.14492	31.35209	28.98234	31.57246	30.15215	30.09808	30.96574	27.92922	30.75786	29.29022	30.51589	32.41721	29.28471	27.90713	29.24025	28.13916
alpha_rarefaction_325_1.txt	325	1	32.88932	29.18637	31.47864	29.95728	27.67789	28.97663	29.12519	28.99286	29.19413	26.92373	28.51118	27.56318	30.98351	32.31566	28.23489	29.10564	28.14994	29.60472	30.44699	32.84822	29.14563	29.25034	29.28168	30.25509	31.1392	34.30008	28.91477	31.21706	29.04674	27.67648
alpha_rarefaction_325_2.txt	325	2	32.88032	32.71074	29.89771	31.00922	27.56997	29.79677	29.86728	31.05196	30.21673	25.59122	30.38861	27.60891	30.54345	28.18165	27.89376	29.21848	27.87271	31.46179	29.68905	30.83528	29.29807	28.13808	30.55448	29.48267	31.17614	30.29703	27.79988	31.88722	31.44419	29.4875
alpha_rarefaction_325_3.txt	325	3	30.78079	31.13127	29.12235	31.95301	27.41387	29.73801	31.38114	28.97328	30.30334	24.95316	28.62898	29.12146	31.17101	29.65161	29.4054	30.18398	29.66077	31.08446	30.66888	31.02179	32.10251	28.27747	28.728	28.09582	28.3926	31.51287	29.62751	28.85198	30.82404	28.55711
alpha_rarefaction_325_4.txt	325	4	29.41574	32.07394	29.00288	31.13141	27.58394	31.35238	31.7177	29.94962	27.61438	24.28239	29.24231	29.03597	29.88138	30.34846	30.77385	29.47944	29.29624	29.23717	30.1604	31.38524	31.5042	27.29383	33.4758	29.58544	29.29899	30.13948	30.02978	30.16336	31.37494	28.51517
alpha_rarefaction_325_5.txt	325	5	28.97639	30.03966	31.67085	29.91073	28.51643	30.52582	31.96293	30.34181	28.87879	24.75387	30.83317	27.82072	30.82331	29.44946	29.00423	30.29648	28.62797	28.45084	29.54128	32.25137	32.14838	28.11003	31.78979	29.16074	28.48376	31.18541	26.66665	33.1809	31.42364	28.8384
alpha_rarefaction_325_6.txt	325	6	28.14156	31.89188	27.90747	31.19286	28.38378	28.81055	31.59829	30.00653	30.15241	25.10621	29.38214	27.63328	28.93542	31.54506	28.80358	30.00962	29.73325	29.59893	29.44995	31.17974	30.82927	28.80435	32.11547	30.32069	28.56873	30.49808	27.28134	32.55679	30.73633	29.19208
alpha_rarefaction_325_7.txt	325	7	30.86697	29.77673	30.33629	32.13435	26.78235	30.98958	32.13421	29.1136	29.84591	26.929	30.99821	28.74009	27.3778	28.01022	30.35449	29.32605	28.90022	31.75028	30.40069	32.14215	29.72559	27.43174	30.32806	29.96751	28.68473	32.57052	26.33245	29.327	31.97704	28.73964
alpha_rarefaction_325_8.txt	325	8	28.49779	32.82986	29.87936	30.08664	26.64594	30.65658	30.14814	27.48405	28.74287	25.28207	28.5144	25.20745	28.9365	29.12381	28.77918	29.00911	30.83803	32.40459	30.65261	30.32659	29.29742	27.82766	28.87043	30.06157	29.99513	30.30154	29.12912	29.076	30.45366	29.2203
alpha_rarefaction_325_9.txt	325	9	31.16664	32.18951	29.80477	31.85847	28.17948	31.05296	31.12093	27.69901	26.98925	25.2711	30.22643	27.11418	31.46641	28.76719	29.83561	27.34692	29.90893	27.88136	31.00092	31.90686	28.70068	28.61598	32.80635	29.8871	28.13116	31.37732	28.091	27.70414	32.02448	29.71041
alpha_rarefaction_388_0.txt	388	0	33.02722	34.36015	31.47017	33.99552	30.82216	33.31647	34.49167	32.57814	32.05172	28.13347	33.68162	31.85662	34.28624	31.03642	32.08536	32.13997	31.77965	32.85786	31.89081	34.34102	33.27374	31.11536	36.47696	32.21245	31.15078	34.69123	33.3436	32.55271	32.31321	31.94045
alpha_rarefaction_388_1.txt	388	1	35.06576	33.39204	34.69001	32.99616	31.78558	30.99749	32.97478	30.99852	32.74068	29.59321	33.0666	28.88352	33.5402	32.47062	31.35111	32.26181	31.03977	32.44726	33.1346	35.21426	33.25474	31.61431	33.8443	30.57304	34.5497	35.42783	30.58484	31.41513	33.31328	31.64573
alpha_rarefaction_388_2.txt	388	2	32.20736	33.72927	31.15531	32.40793	28.82542	34.9329	34.37237	31.33265	30.42834	28.94364	31.70386	29.24445	33.4223	30.95493	31.95165	32.74355	32.19271	32.61334	31.5559	35.28372	32.35932	31.01307	34.87481	32.54607	34.33241	36.41614	32.14436	33.83013	32.32495	29.98835
alpha_rarefaction_388_3.txt	388	3	33.25077	34.15348	31.93148	34.23205	32.3448	32.68281	34.22909	30.762	29.71463	27.93857	33.01218	28.99368	34.31445	32.31881	32.16426	31.03052	33.72087	33.75684	32.67662	33.32431	31.18983	29.37175	33.45054	32.52798	31.94721	34.24341	30.61369	32.33665	32.53789	31.39925
alpha_rarefaction_388_4.txt	388	4	34.32912	35.09557	33.14344	34.78837	31.21637	33.77065	33.77587	32.84114	29.50075	27.19365	35.70076	30.79392	33.55125	33.9814	31.19925	31.26982	34.20834	30.41832	30.37711	33.54343	31.9922	30.85995	33.65913	32.69699	33.65064	35.10317	31.33466	33.10748	35.41101	29.17169
alpha_rarefaction_388_5.txt	388	5	32.92272	34.80258	31.08076	34.23181	30.43997	32.992	32.87415	32.19663	31.98702	27.61056	30.39165	30.9251	32.60713	34.57097	31.97478	32.99583	30.99546	32.31967	32.97318	36.62891	34.18535	31.08532	33.54844	35.35912	34.36594	36.14944	30.19636	33.05642	33.62044	30.2513
alpha_rarefaction_388_6.txt	388	6	32.07831	34.23987	30.52194	33.34718	31.09389	33.76029	33.62794	32.38651	31.05342	28.82715	32.06227	30.11501	31.08046	32.26623	29.72595	33.34173	31.36918	33.59081	33.32293	34.4856	32.63589	29.34291	33.76811	32.04632	31.7785	33.26694	31.01392	33.67459	33.2926	29.54991
alpha_rarefaction_388_7.txt	388	7	31.20757	33.3461	31.16902	33.35135	31.16583	31.55722	34.10907	31.41927	29.64756	28.03329	34.50093	30.32107	33.39587	31.80347	31.78171	34.16539	30.22529	33.09037	30.97921	35.4378	33.32052	31.48309	33.46446	31.94501	31.74186	34.31693	31.13083	32.21921	33.76398	32.83711
alpha_rarefaction_388_8.txt	388	8	32.71786	33.43003	31.11921	33.72681	29.09252	35.8202	35.10221	31.01222	29.8771	27.92294	33.14641	31.88531	34.80022	31.86611	32.5618	30.71365	32.11144	33.38696	31.5879	33.01457	32.12015	31.41536	33.07227	34.24294	32.19752	32.96396	28.2945	31.4021	35.55167	30.68432
alpha_rarefaction_388_9.txt	388	9	34.54825	35.4255	35.0119	32.64346	28.32814	32.0897	34.66712	32.45833	32.06528	26.9005	34.42315	30.71773	33.53938	31.23174	31.40252	31.07862	33.95802	31.42835	31.47439	35.87881	32.02369	33.76624	32.47609	33.28591	32.13672	33.15839	31.50255	31.50511	33.35949	30.55636
alpha_rarefaction_451_0.txt	451	0	36.23106	36.37561	35.2668	37.89294	31.64331	36.42743	35.54977	34.868	34.13924	31.63792	36.00949	31.69257	33.48577	35.98425	34.47986	35.22571	36.46746	34.5894	36.62682	37.41547	35.75356	35.27315	35.22296	34.33476	33.94307	38.36925	34.80136	35.38166	35.82965	32.79538
alpha_rarefaction_451_1.txt	451	1	36.61662	38.32875	36.02206	34.95055	34.5319	39.16443	35.94553	33.25036	34.97462	27.78997	33.69819	30.05455	35.03821	34.41548	34.97876	32.44964	36.56662	36.23593	36.58623	37.64748	32.48322	33.47643	35.4277	34.26996	36.61352	37.50876	34.68723	36.52636	34.62891	33.36685
alpha_rarefaction_451_2.txt	451	2	35.33497	37.40105	36.10736	35.13576	31.06625	37.05429	35.17881	33.90645	34.74403	31.70307	35.30897	31.33927	34.65197	35.90581	33.30775	33.25653	36.66732	35.31214	35.16755	39.15327	36.65072	34.50953	36.86096	35.24987	32.91287	34.61484	33.34381	37.60696	33.04722	33.3954
alpha_rarefaction_451_3.txt	451	3	38.13486	36.96694	34.10091	36.70528	32.12234	33.991	38.19823	34.70294	32.47932	32.70084	32.28143	31.99284	33.94816	34.37448	33.9241	36.84316	35.01425	33.81881	36.13218	37.80744	35.95069	35.47964	36.58309	34.40054	33.79724	34.0017	33.20747	34.50875	34.60853	33.15429
alpha_rarefaction_451_4.txt	451	4	35.51052	39.20093	36.0	37.38693	32.14997	35.43916	36.06188	34.22366	35.57626	31.37151	35.42306	32.23256	37.12543	33.69864	33.33292	34.74309	34.34712	34.77394	34.20868	39.26658	36.57031	33.42154	35.4773	34.62178	35.64718	37.38009	31.85192	37.11115	36.23586	32.49393
alpha_rarefaction_451_5.txt	451	5	37.31218	37.08411	36.85002	38.38456	32.20681	36.48781	38.72104	33.56789	32.30931	30.63873	36.42213	29.6176	36.31171	34.465	35.99586	35.74311	36.11554	33.51995	34.60203	37.58978	34.93832	35.81047	34.36168	34.49981	34.92854	36.89337	32.04902	36.37996	35.17395	33.08678
alpha_rarefaction_451_6.txt	451	6	34.73184	37.49372	35.74517	37.59948	33.41424	36.37646	36.30758	34.14719	36.52057	29.43287	34.63719	31.65203	36.64205	34.04195	33.04246	35.75849	33.96291	34.4515	35.6595	35.92528	33.01185	33.75098	37.17089	37.90604	33.65405	37.5861	33.557	35.05831	36.14549	34.2172
alpha_rarefaction_451_7.txt	451	7	36.52846	40.35566	36.0809	37.45463	30.80975	34.68246	35.32413	32.46992	35.00959	30.55114	34.88217	31.66171	35.34633	34.78844	34.10902	33.49173	34.88045	34.37471	36.7488	36.50265	34.54994	35.89099	36.30951	34.78908	33.96448	38.08134	33.86836	34.91167	33.85893	34.06928
alpha_rarefaction_451_8.txt	451	8	35.35047	36.57346	33.54936	39.62937	30.01496	37.6521	38.48759	33.59551	33.41063	29.35079	32.79999	31.889	37.47792	33.91675	33.18792	38.47548	36.80675	35.34109	37.30199	38.63313	36.57305	32.77449	34.53588	35.63985	33.99787	36.74189	31.92146	36.12678	37.84468	31.88521
alpha_rarefaction_451_9.txt	451	9	36.04496	38.54922	35.76871	37.39833	32.58735	34.83176	36.13266	35.78501	33.23473	29.24939	34.8126	35.06573	35.18739	33.85224	34.01499	34.41084	33.49467	36.30668	35.05385	38.97549	35.36928	31.86473	37.26319	34.19361	34.15615	38.50989	32.41677	35.47186	36.21966	33.05566
alpha_rarefaction_514_0.txt	514	0	40.15707	38.55951	36.7239	37.41463	33.91778	38.01141	39.59427	36.77696	35.71879	29.82304	36.90663	36.52041	38.48622	36.52094	38.75079	38.5654	36.577	36.80984	38.56397	38.97902	40.68459	34.68698	40.83289	35.50807	34.62265	40.17536	37.46737	39.74022	37.63548	34.46138
alpha_rarefaction_514_1.txt	514	1	37.99421	37.99621	39.30868	38.92171	33.76635	37.02282	39.78452	34.01306	35.23573	31.01767	39.56567	33.95441	37.55439	36.4016	36.88473	38.40585	37.12967	37.37899	36.59151	40.31006	36.91137	35.23474	37.86254	37.39658	36.14024	38.39157	36.12575	37.28163	38.08296	35.82343
alpha_rarefaction_514_2.txt	514	2	37.50274	39.23937	36.02414	40.00288	36.60808	38.93783	41.33561	35.24676	37.35888	31.70812	38.12925	34.19965	39.41515	37.70072	37.63286	36.56564	37.10381	37.53723	35.66752	41.38877	34.78174	35.80793	40.06084	38.91459	34.90319	39.76014	36.94558	37.26829	39.70791	34.9661
alpha_rarefaction_514_3.txt	514	3	39.73642	39.23512	36.0546	38.47227	34.27628	39.55053	37.73341	37.2221	35.60334	32.44909	37.71358	35.83796	38.31899	36.84636	36.95617	37.14707	38.13385	37.34264	37.99437	43.62197	39.19649	36.64191	39.35112	39.21505	35.69289	37.03896	38.11596	38.55395	35.91817	35.0369
alpha_rarefaction_514_4.txt	514	4	38.1245	38.78861	38.82799	39.16043	37.09258	42.26643	37.68517	34.94025	37.32364	30.42224	36.73244	36.15267	39.07543	37.70111	36.90998	36.17475	37.38007	38.50002	38.38891	41.0887	36.42298	34.65956	39.29379	36.10732	39.56262	40.83032	34.54388	38.7197	37.71841	34.69047
alpha_rarefaction_514_5.txt	514	5	37.79804	38.64753	40.39633	40.2108	32.53553	38.494	38.48947	36.61631	36.97123	29.71366	36.2847	33.92977	37.37681	35.68616	38.33554	36.70762	36.01889	36.86717	34.747	41.87243	38.13378	32.88728	40.06364	37.59428	38.40494	41.27516	37.28011	38.1248	39.40939	36.06928
alpha_rarefaction_514_6.txt	514	6	36.95491	37.72119	36.99125	39.06486	32.33564	37.19185	38.68876	37.47799	36.527	31.5497	39.13539	33.82124	39.1115	35.08158	35.81043	36.40366	37.64399	37.91124	36.46684	41.01298	39.17964	36.23983	38.44877	38.83352	37.72653	40.76369	35.91782	38.03795	38.13177	36.0478
alpha_rarefaction_514_7.txt	514	7	38.39475	39.62247	36.26126	39.60097	34.95228	36.93877	41.49898	36.99921	35.29353	33.92093	38.55423	34.22288	39.41218	37.2251	34.91563	36.79625	37.46188	38.70152	37.32815	41.34302	37.90729	36.23845	38.54431	36.24236	34.81807	38.54641	36.92855	37.59862	38.5259	36.08307
alpha_rarefaction_514_8.txt	514	8	42.08905	40.13205	39.18718	38.17148	33.80094	38.41137	39.24102	38.09478	34.00897	32.21596	39.38891	34.04278	36.10715	38.64655	36.93448	38.5733	36.24732	37.2608	39.83396	39.22695	36.74696	36.13253	37.33085	37.1811	34.57657	39.82646	36.7296	36.49422	38.29885	33.76377
alpha_rarefaction_514_9.txt	514	9	38.88753	37.41118	37.04744	37.42131	33.94532	39.02844	39.15265	38.61953	37.92216	32.3046	36.29928	35.48863	35.47574	35.7092	36.92179	37.27594	38.57983	37.61989	39.98846	39.93733	38.06835	32.96989	39.42773	37.01425	36.80098	38.83034	36.71323	36.95734	35.56516	35.71101
alpha_rarefaction_577_0.txt	577	0	42.42865	42.59508	39.00757	42.41537	36.68534	40.70834	40.38484	38.2643	36.33739	34.3599	40.94139	36.21915	40.49195	38.50009	38.588	36.41893	38.07856	40.94761	41.06451	43.93745	39.19211	37.38443	40.83677	39.64253	40.4849	41.78001	38.44153	40.94121	40.85529	36.83873
alpha_rarefaction_577_1.txt	577	1	42.81563	45.0695	42.09783	42.13288	36.82498	39.16479	42.19653	37.58359	36.25838	32.23115	39.99378	34.64379	40.06449	40.36256	39.20124	37.677	41.19246	40.74454	39.70612	44.66076	40.77104	37.86025	41.46348	39.88539	40.97713	41.12916	38.04475	41.17991	40.50917	36.4711
alpha_rarefaction_577_2.txt	577	2	41.67891	43.95985	41.04073	42.26183	36.42966	41.61555	40.10759	39.16418	38.42435	34.05473	37.90632	34.78404	39.32804	40.47712	38.75274	42.25441	38.75932	40.23624	40.02591	42.93285	40.73787	38.14807	41.41835	40.04444	41.04327	41.5999	37.23075	41.57001	40.79794	37.14679
alpha_rarefaction_577_3.txt	577	3	40.72928	42.14869	38.97208	43.08151	37.23711	38.90532	39.45343	36.34514	38.01588	36.20308	39.66571	33.42346	41.06569	38.68905	39.54175	38.41638	37.46526	39.82062	40.6321	43.93347	43.28621	36.91386	41.22526	38.18165	40.80765	41.86352	38.751	38.7368	39.96017	37.60412
alpha_rarefaction_577_4.txt	577	4	41.84346	39.92038	41.66296	40.17742	36.08696	42.73227	40.78202	36.76678	38.37824	35.9585	39.75303	36.4467	39.03248	38.93706	38.76089	38.35485	39.59949	42.31501	40.13012	42.37217	40.17823	36.47783	40.1524	39.24292	38.57304	43.0514	38.7499	41.70711	41.78723	36.63186
alpha_rarefaction_577_5.txt	577	5	40.86312	42.36576	38.99033	41.26564	37.68284	38.3798	41.68169	36.43439	37.18402	36.04561	42.03961	36.12269	40.96836	38.6125	36.94686	39.34928	39.50527	37.40014	38.85282	42.42755	40.64679	38.44913	42.00133	38.67941	39.39105	41.30186	38.36105	39.82282	40.34482	37.22856
alpha_rarefaction_577_6.txt	577	6	42.96475	40.88631	37.98961	40.0528	38.7861	40.69392	41.14096	37.21503	39.08721	32.33123	39.17152	35.37679	37.27016	40.2743	38.33531	38.59672	38.59144	39.81668	40.71552	41.57583	40.76036	39.29313	41.40211	36.38831	40.24198	42.07154	38.38307	40.77973	40.18865	37.05126
alpha_rarefaction_577_7.txt	577	7	42.49311	42.50958	37.9882	41.7589	37.77208	40.98009	41.42459	37.99106	37.65316	35.13329	39.70609	36.13525	40.78408	37.39201	38.15904	39.24923	38.77847	42.65686	41.36099	42.95972	40.52983	37.56671	40.32103	39.35533	37.55252	43.0747	37.08431	43.8789	42.37334	37.10262
alpha_rarefaction_577_8.txt	577	8	42.38821	42.37025	41.50795	40.43415	38.27032	40.81464	44.43937	37.70609	36.37526	33.71178	39.15181	36.41879	39.93257	39.67944	37.14922	39.45457	40.11683	39.17045	37.88153	41.96294	38.61172	39.48112	41.49184	37.92208	39.84437	41.79541	39.77854	41.00358	41.71315	36.36642
alpha_rarefaction_577_9.txt	577	9	41.72651	39.50694	40.18343	41.67862	36.16754	41.49755	40.88967	35.95497	39.95168	36.1773	38.92212	35.70065	38.25423	39.00371	37.15883	41.14115	39.39949	40.84901	40.60726	44.33887	38.10548	37.66703	42.49942	39.12945	39.12607	40.89212	40.0108	40.33157	43.57041	37.37125
alpha_rarefaction_640_0.txt	640	0	44.8677	44.50804	44.16854	44.2282	39.2279	43.35678	44.18721	38.1814	38.66602	36.1254	45.19867	38.58471	42.67746	39.33435	40.85053	41.48696	42.35593	42.24801	43.17316	46.1786	40.37451	39.93136	43.34136	41.37774	40.31037	44.24275	42.24499	42.31412	40.80432	38.48683
alpha_rarefaction_640_1.txt	640	1	44.71676	43.84213	40.69121	44.32036	38.95235	43.88116	42.80922	38.1519	43.37977	35.12947	41.22784	38.60135	41.16821	40.50875	41.24542	42.19467	40.90768	44.11899	42.49635	44.94839	40.40337	39.62907	44.58385	40.63909	42.83325	43.38577	40.98643	41.00201	42.22747	38.48683
alpha_rarefaction_640_2.txt	640	2	42.49047	44.34702	43.82835	42.85173	37.21409	41.27219	44.1444	39.22862	38.57042	36.96972	42.521	37.94935	40.60675	42.66965	39.52998	41.29201	39.58076	40.38828	42.94509	45.69087	42.35656	40.06954	42.32883	42.90223	41.71122	43.51486	40.87155	43.1055	44.82581	38.48683
alpha_rarefaction_640_3.txt	640	3	44.27744	42.81016	40.4708	42.18977	39.43303	40.07855	44.31006	39.34586	38.0949	35.50488	42.23915	37.43696	42.1435	42.22942	41.64633	39.77172	40.63507	41.9676	40.87985	47.46594	40.6309	39.98666	45.8264	41.75677	40.57814	44.36535	41.43827	43.48108	40.40458	38.48683
alpha_rarefaction_640_4.txt	640	4	46.69379	44.93565	41.93884	43.38922	40.5945	43.20297	43.64884	39.20755	40.79746	37.12047	40.78218	37.89499	37.6315	42.9447	39.59807	42.09612	40.99006	42.26281	42.37154	44.42499	42.08618	39.30922	44.59245	40.25205	41.0757	43.39938	38.89208	41.99903	43.79448	38.48683
alpha_rarefaction_640_5.txt	640	5	43.14767	43.16419	41.44894	41.71894	38.0198	41.82187	43.26538	39.5231	39.99947	36.82402	41.5193	39.95639	41.30133	39.10185	39.04387	41.52402	40.83132	42.17759	41.53156	46.80267	40.63411	38.64289	41.64579	42.86518	40.41171	45.2491	38.96809	42.17743	41.49059	38.48683
alpha_rarefaction_640_6.txt	640	6	41.626	42.73734	41.74693	44.19172	38.60087	44.51527	41.72598	39.47906	39.99486	37.35065	39.85384	36.85033	39.72784	40.85345	40.93751	42.32538	44.40228	41.09881	40.62197	44.33315	41.19904	39.7022	43.09502	39.58669	40.0253	43.75589	43.1802	42.3333	41.59017	38.48683
alpha_rarefaction_640_7.txt	640	7	42.9674	42.67464	42.17692	43.06695	41.51168	43.36405	42.37841	41.8057	38.92674	36.94714	41.72568	38.60709	41.70388	44.47206	39.3584	38.9434	42.58285	43.57759	41.74659	42.64764	42.05928	41.10264	44.22155	41.84532	41.75519	43.76328	40.97526	43.15851	44.12238	38.48683
alpha_rarefaction_640_8.txt	640	8	39.97581	45.07961	42.9423	44.7245	39.3938	43.82179	43.35777	37.56206	40.10368	33.56677	42.59011	37.97825	40.7401	44.29471	40.64317	42.35479	41.08286	42.13026	39.45679	45.79298	43.81778	41.58982	41.86453	40.86966	40.19148	41.91208	40.85747	40.3035	42.89169	38.48683
alpha_rarefaction_640_9.txt	640	9	40.53744	45.6765	41.7576	43.34589	38.30085	43.10646	46.11559	41.10175	39.16143	35.76434	43.6179	38.51314	43.98246	40.55565	40.08314	41.89711	39.68923	42.96271	41.95101	43.87775	42.81832	40.03776	41.88362	40.2857	42.79824	43.10219	41.07352	42.43135	42.57382	38.48683